9.525698359317624764e-01
-5.720605839783491353e-01
-7.445210953403538223e-01
8.264268602251300111e-01
9.583609320018007249e-01
-8.255584901932921937e-01
3.132989810558037824e-01
6.552101733009307871e-02
-2.003466412021850385e-01
-6.249216245288029548e-01
3.582185450843344832e-02
6.321320654295450314e-01
5.701641839350173324e-01
-8.362495607681150744e-01
6.828451471585834653e-01
-7.521528838677815632e-01
-1.362046268736436527e-01
-7.740464642176607679e-01
-3.503082045311460835e-01
7.424495559362593866e-01
-8.107681706357354745e-01
-8.009428108512071098e-01
6.108882250931484403e-01
8.077238550962499986e-01
-5.114635893845886905e-01
-8.760977096765920624e-01
8.865174254915093588e-01
-2.355608891858445020e-01
-4.056465574304022326e-01
-7.101988917478245789e-01
-5.720071778847319877e-01
3.074307529431274388e-01
-6.494492799380072734e-01
-1.287931160272730580e-01
-4.680744968490264668e-01
6.476905713516054597e-01
1.384127913242728936e-01
8.254531035963806884e-01
-8.460039004377942762e-01
-4.874959038970030356e-01
4.987087511916874494e-01
-6.660525591294697012e-02
2.296013364385627309e-01
1.115146063138203747e-01
9.112123856438038016e-01
2.964166868958310053e-01
-2.183894419004890342e-01
-9.909513404941936443e-01
9.842448220330628494e-01
1.651464654867389470e-01
-9.505708215973900366e-01
-5.484399298097966113e-01
9.238564318521702567e-01
6.088597021784769581e-01
-2.270046778565333323e-01
-9.178646108212338284e-01
-4.461440827051221802e-01
-7.933761335792830494e-01
-5.123390679551441673e-01
3.085709697603464807e-01
1.836970758758442734e-01
-9.467128497265824283e-01
-7.724375523424718004e-01
2.917839942382403073e-01
-3.384164551880066707e-01
-9.102389052192711993e-01
-1.821927171907715137e-01
3.134317928586987656e-01
-5.525361336878976681e-01
4.488823168247692008e-01
-7.683388734105747186e-01
2.461055258827116177e-02
-3.868315630460859023e-01
-6.658757985908164700e-01
5.594964701804983065e-03
-9.883388456748942730e-01
-5.706763099272254003e-01
-2.638929636590037209e-01
4.972048258828019041e-01
-4.789364951405281623e-01
-7.569036892292515528e-01
-7.019203824738142750e-01
4.305037587435793234e-01
-4.034912487196224973e-01
-3.465727535580805374e-01
4.512435744049234643e-01
1.162731268748362634e-01
7.176829432629994177e-01
-1.174019988981116480e-01
8.421083029001490416e-01
3.892610239968341546e-04
8.509352254016669947e-01
-6.976507935270150895e-01
-8.725366142935468972e-01
9.893251643436542508e-01
6.953925795616968664e-01
-9.260374014870986770e-01
6.637309644525304364e-01
9.006524611398480928e-02
5.731187803128294789e-01
-7.621618740470073039e-01
9.795770546916529042e-01
6.339086722125064632e-01
-7.898163740045753833e-01
-1.086839094336955469e-01
-8.554649322531198141e-01
-6.012775573226547543e-02
4.242439790769752528e-01
4.750535214047741928e-01
2.640484599933692333e-01
3.730436779908681277e-01
6.033223824058515650e-01
-3.827459209787296146e-01
-8.089726018070633184e-01
-4.658783228158989154e-01
-6.162563638431431956e-01
-7.192079004496294559e-01
1.477898456913373515e-01
-8.475479199861046808e-01
-6.342087645851022248e-01
4.479661658344762376e-01
4.867872109590745122e-01
-9.121048914878278069e-01
8.774150142880474679e-01
-6.865609701092216799e-01
6.881764372068261970e-01
-6.796063006934693895e-02
-7.315613706322092735e-01
7.427486534268840090e-01
5.695209818003703628e-01
-5.791020377945264030e-01
7.596623138261930919e-01
-9.869318303919432100e-01
-8.151532376799917046e-01
2.774503720897019132e-01
-8.204918386967260391e-01
-3.462261427873473130e-01
-5.813421344206837205e-02
4.353400875642106094e-01
7.285362316151022810e-01
1.292491092597516378e-01
-9.775367130329775112e-01
5.297527844131308949e-01
-7.813343186035234256e-01
9.829589691428193277e-01
3.053057202102142931e-01
-9.708200827524735566e-01
-8.874980115840207517e-01
-1.695327072572212490e-01
4.343900184033715473e-01
-2.925930962371796618e-01
-8.204461500193935830e-01
6.137792447679792929e-01
-3.008193558357665776e-01
-8.220468999015611011e-01
-8.183482044424437163e-01
4.350352288105963083e-02
5.296153815144633015e-02
-7.936482979970207463e-01
-7.688619028193893756e-01
9.538428565095644629e-01
7.452724544008548779e-01
-7.546563988208725426e-01
-6.575031459063660488e-01
6.592816047411331759e-01
4.979870254135658758e-01
9.746852603170316209e-01
-2.469012552077429756e-01
-7.398646995839821550e-01
7.548651128007878297e-01
-4.134550043460001323e-01
6.306936020049997982e-01
-4.698971147720090169e-01
-7.780255588086482099e-02
-7.319604794085604604e-01
6.307857404553647296e-01
2.922056287275334174e-01
-1.611408759874777274e-01
5.457769473548421679e-01
6.251420609869067224e-01
2.129240193044095175e-01
6.941774414386203684e-02
-2.786570992050961815e-01
-3.317523781255262705e-01
-7.672915291612576461e-01
6.797307764449660450e-01
-9.690022759703975641e-01
6.894383050605317198e-01
5.256016877910719698e-01
2.431258094620708521e-01
6.215198282724108125e-01
-3.593373157702849374e-01
1.358846338367336593e-01
-8.839361021625559145e-01
-4.029147084312882932e-01
4.809882656529385070e-01
3.432905046618810463e-01
2.860673211902634572e-01
-9.456371754853416522e-01
-2.116916975660909639e-01
-4.554292463742498631e-01
5.839899728326520822e-01
-6.483744144254459663e-01
-5.211304699195604684e-01
-5.192541585633936307e-02
2.525480144702827445e-01
-6.196653023167879581e-01
-9.395643163654880947e-01
-5.345387346597616496e-01
-8.603387988576522982e-01
-6.093520794894475845e-01
5.268286047214600920e-01
-5.084326429409224968e-01
8.290892617916250096e-01
1.759656166983725178e-01
4.314934208224083800e-01
5.411512983990056647e-01
2.664378524545412130e-01
6.460527885705085183e-01
-4.039725896247534642e-01
-5.166867152142977648e-01
6.124530402728616263e-01
1.953338681414460432e-01
9.405042032447220590e-01
1.622333901107930743e-02
6.439020154322226963e-01
-3.974376540209043629e-01
7.681583484506682158e-01
4.902638496670416179e-01
9.046170095289596258e-02
5.335941430327071355e-01
-5.911353167718724766e-01
-3.119064258118033894e-01
4.880511923785474382e-02
4.484881963251849957e-01
5.855403214946284240e-01
-4.276016907355746355e-01
4.240249709556913604e-01
-2.494584263262673574e-01
9.434038739496993786e-01
4.608297298423069677e-01
-6.072805536862821985e-01
9.619311076293853846e-01
-4.087953413433631500e-01
2.779639478715172363e-01
3.771603603273123717e-01
-1.970178256341525991e-01
7.119612595660547161e-01
3.706304671504349058e-01
4.114565845939914812e-01
1.820374774585462596e-01
-5.591040496873689314e-02
4.679430788003497987e-01
5.495704303637990451e-01
5.048466043346466758e-01
9.469460847618196286e-01
6.672099459113576270e-01
-7.316306176199947053e-01
-8.502890431881942046e-01
-6.479814462997719460e-01
-4.414736246698006128e-01
-8.863181875568241219e-01
-4.063135094767589273e-02
-1.883850846861245820e-02
-8.724756902549722914e-01
