-4.783195991307218620e-01
-5.962699894257017519e-03
4.382528829606917586e-01
-1.303627417569854785e-01
-5.739483985544429068e-01
-1.743036401598110352e-01
-1.392452290166539264e-01
-6.978767376969694514e-01
9.771720213406156486e-01
6.011646863801212159e-01
-3.527627032983644551e-01
3.760152075997946763e-01
7.167768557874416580e-01
-3.762618373406895200e-01
3.916548326864308649e-01
7.653004279622768191e-01
5.097936866029109115e-01
-5.724184812181729587e-01
-5.379285391008268302e-01
2.348152812560881930e-01
-6.870892261484841113e-01
9.640722964810486406e-01
8.524128166922344541e-01
-9.160357722359260269e-01
9.897279115503041513e-01
-7.349716673379917964e-01
-9.929693269429853419e-01
1.281951095543130137e-01
-9.099074925739293329e-01
-9.933838417807392407e-01
-2.594008837788447375e-01
-8.286612229147556352e-01
-5.329815077545032587e-01
-6.244645183520634024e-01
-3.579569916353508852e-02
8.462736992836616956e-01
-7.396652141582933382e-01
-7.360101444540438909e-01
6.978372504733503234e-01
9.009350486580525175e-01
-4.160320425045545556e-01
7.853730732123678226e-01
-7.303022727869730168e-01
-4.197929919467308646e-01
-3.738326003926621954e-01
4.519942844700195472e-01
-1.241641430528293011e-01
5.949952256269830375e-01
-9.846708040290130803e-01
8.919624294801364872e-01
-4.472988831735043025e-01
3.541467322473326185e-01
9.549107762058051119e-01
3.281333868792317698e-01
-6.460341685919210875e-01
6.769946040453258540e-01
-6.851543994294040374e-02
-6.169702404753267810e-01
9.381844690058325220e-01
-3.114806839467454402e-01
-7.931950526120238321e-01
8.119357280074499528e-01
9.008599188941494029e-01
-5.741632318148059966e-01
-5.472872983760919130e-01
6.907468618047776232e-01
6.175719965971566694e-01
5.749077653485201722e-03
-4.344928203592468563e-02
-4.908753258328697466e-01
-4.901030756402249278e-01
-5.553674954340571679e-01
1.853841393307322782e-01
3.277203551891487709e-01
-5.712005942070972342e-01
-9.930961436292597977e-01
-4.053965404062802591e-01
1.432932153447441515e-01
4.809823839018334546e-02
8.882469084346793498e-01
-3.738741105385769981e-01
-7.255612196823049143e-01
1.131947380502211775e-01
6.267222938653893571e-02
4.094055110204117831e-01
6.598244088103903948e-01
5.867131459509020708e-01
7.849598984325003581e-01
8.665144710185815891e-01
3.998458182079203116e-01
-6.684677995647059223e-01
9.117003483392822627e-01
-3.352749063069839774e-01
6.119062511684880690e-02
-3.310040104213076706e-01
7.599310233362632783e-01
6.303381574930144726e-01
-9.846045797089375551e-01
3.790300928101391076e-01
6.153545174771951620e-01
3.775971018391772738e-01
6.806577429613926977e-01
9.983444419555524973e-01
-2.001140149953271052e-01
-6.471540166969464991e-01
-8.648043572233536924e-01
-4.263273853930504842e-01
7.598886425428261759e-01
-2.540478333002609279e-01
7.231783181436826080e-01
-4.114524889152124665e-01
8.522894729284558046e-02
2.433883619825982780e-01
2.955822856732198689e-02
-5.503140755232782677e-01
9.316372579042094815e-01
-9.735302858874532728e-01
-7.238389423329822936e-01
-9.110516787965623475e-01
9.946818753929632662e-01
9.641245176530157668e-01
-4.371827402378158922e-01
-5.815315007115033907e-01
-6.911026590058397812e-01
-7.596679757738640237e-01
6.444175016577297077e-02
-9.058148811144155488e-01
3.496954848454234543e-01
-6.268465185817126972e-01
1.267399353994238531e-01
9.760286973573344405e-01
-3.281925564238736825e-01
-7.740629352425523191e-01
-2.898691863901445842e-01
8.364719180021178424e-01
3.492993144250873261e-01
5.656644255658664910e-01
4.213450304102623889e-01
2.514285882506872571e-01
-8.518969666277658170e-01
4.141243267788130566e-02
-6.875433184974455436e-02
-1.092884371502391705e-01
5.997299255049037825e-02
1.155116948635310781e-01
-1.053270089583653313e-01
3.421432262244465949e-01
1.371333331622777152e-01
1.304220355166436640e-01
-5.550776146086469076e-01
-5.218500073321628019e-01
8.022985849868700114e-01
-5.196451876829624172e-01
2.572311166679095429e-01
8.835637030034144690e-01
6.019152648004235662e-01
5.266619990266889761e-01
6.168662310911621205e-03
-6.537446740806818202e-01
5.085497649740866599e-01
-1.963575928099321466e-01
1.422432103272475157e-01
-4.799148416727900823e-01
9.751028491083943983e-01
-6.553997748796275280e-01
5.261084272123851546e-01
2.096243995978612773e-01
-8.140951416337083302e-01
-3.775756696761287667e-01
3.395860509630238555e-02
-6.201415044324463111e-01
7.117442375814744260e-01
-5.257412588439063228e-01
7.150338090426180404e-01
4.530289173471391262e-01
-2.986498567132089832e-02
9.345124579122485731e-01
-3.601948146381350746e-01
-5.564443204579165858e-01
8.689782007102548889e-01
-4.432114186451754367e-01
-6.970831579468392825e-01
7.061681307782581296e-01
-6.382231034455776442e-01
-4.479649955128015559e-01
-4.968854552477477426e-01
5.378922718640926082e-01
-5.226065229754282004e-01
-9.162814050665304411e-01
9.889900162426138452e-01
2.699798445463159613e-01
4.681243815993865187e-01
-1.005035252652082267e-01
4.141079270247340904e-01
6.198028522324030565e-01
-4.936534472061393508e-01
6.369794640271064790e-01
-5.732312185722590048e-01
-9.779053117599123546e-02
-5.629063332251245111e-01
3.985564840130872977e-01
5.049011563579963724e-01
-6.968174355435903244e-01
8.695493648619803118e-01
9.792689981041953207e-01
3.920891003541238096e-01
-9.593351537832464082e-01
2.338521090570417904e-01
9.472131079600107917e-01
3.534972051161111573e-02
5.058480793675013132e-02
-3.615938256038240262e-01
-5.818490458373348773e-03
-8.400619401889575233e-03
8.658201653236829998e-01
-9.516450536284037920e-02
-4.123219214454405535e-01
-7.340268420023918772e-01
8.088485609497249040e-01
3.918727273520952181e-01
3.677054663991591310e-01
3.338247430626473111e-01
-2.692452393740474292e-02
6.345687610887007502e-01
-1.498299726123213382e-01
-2.014872678026868869e-02
-6.968105755053086714e-01
2.327699839055636932e-01
8.007583420791424267e-01
-4.124345189236459097e-01
5.586498308715301953e-01
-8.436378467477645415e-02
-5.375469759427227157e-01
9.295603907285867606e-01
4.536805307470745952e-01
-8.722332433796574636e-01
9.121678008491326262e-01
-5.020648502372175859e-01
-8.065564308286194972e-01
6.128666575313881371e-01
-7.639849143074106674e-01
-1.555290594648619518e-01
9.663437669575061228e-01
-8.620423182023693176e-01
-5.288394008451930972e-01
8.755189445127657955e-01
2.145063505530002690e-01
-9.675302943037056291e-01
-1.955642034143936225e-01
7.633771733198244647e-01
-3.912159701472377460e-01
-4.931577648970757455e-01
5.366299036035560022e-02
6.402371433601836692e-01
-9.740030155225891662e-01
-8.813529967639068818e-01
-5.502097838811432773e-01
7.533215122609648873e-01
-5.690610621746650111e-01
9.958962708781970985e-01
-6.977059082263223910e-01
3.898202177939864566e-01
6.051309778417665042e-01
6.275519628064891720e-01
-9.663527972036415337e-01
