2.980959332619061986e-01
-1.586749338016107957e-01
9.634394252568030392e-01
-4.049868276150386803e-01
-9.301767218803973503e-01
9.497829690469892228e-01
-3.193398662244504305e-01
-7.357300019272741132e-01
4.049533438687702436e-01
-2.178698351127914545e-01
4.819065185884123803e-01
7.654833010670849536e-01
-8.106272324444627753e-01
6.978032522083481570e-01
9.464395069106162905e-01
1.962216312415699104e-01
-5.238376153784343181e-01
-1.186023089896364180e-01
8.599493365563792846e-01
-9.053440280290434572e-01
-9.687740783421190383e-01
-8.709476303843465272e-01
9.965099832857428064e-01
-7.613880931918308725e-01
-9.687977976171455730e-01
-2.284812742728090651e-01
-1.060286336698932352e-01
3.893778849061590996e-02
1.393638494073864975e-02
-7.022890707251996378e-01
-9.380423678899372231e-01
9.076041986154510521e-01
-2.149557315240001876e-01
9.360804166602856302e-01
3.541721805876079099e-01
7.331409088986500233e-01
-4.575363196023809476e-01
3.298784356705866116e-01
-8.238371730138380755e-01
-4.645650456559118346e-01
8.036934804633466545e-01
3.143786053114061563e-01
4.827092169351203665e-01
-8.636634303017198810e-01
3.209573123466913369e-02
-5.314987766413787895e-01
-9.047669402407273465e-01
-4.642728826171678147e-01
6.571887645771186115e-01
-4.710347652463255930e-01
8.920597817631111814e-01
-7.645889419705729217e-01
5.092621412170830197e-01
7.545455880851343888e-01
-3.421343378115015987e-01
-6.999970921645592981e-01
-7.213794259655514907e-01
-8.992862229061349133e-01
-4.793013531506848945e-01
-1.959057485099533480e-01
-9.451117578911313322e-01
-5.868321775798852613e-01
2.255542845322766610e-02
-2.523206754184870171e-01
3.433350415478864104e-01
1.238956684851852397e-01
6.768912428653472979e-01
-8.726961628869911447e-01
1.600738770740424699e-01
1.265289106480180781e-01
-3.823631484601364150e-02
1.975355594369776480e-02
1.191738192215130443e-01
9.616510700988796234e-01
-7.231987580231944435e-01
8.970992731027106482e-01
-3.040422004101670517e-01
9.294219890875836665e-01
5.298349976405150041e-01
-6.787823855686037078e-01
-2.082847493700015207e-01
-1.352571410900709203e-01
-1.149496171130148792e-01
7.517087396919306386e-01
6.970208648461493350e-01
4.231754898589164537e-01
-1.091128464734590908e-01
9.849474345954993826e-01
-8.195153282335950751e-01
2.901086022775545281e-01
5.243658315352051069e-01
5.100059460015924362e-01
-6.985054419032292738e-01
6.814175554094681342e-01
-4.232429624507934030e-01
5.783002862175166126e-01
-9.380466552383510681e-01
1.814954810295361654e-01
1.213625169749422694e-01
-8.764199221088873060e-01
3.487374590078657910e-01
-7.077919449666141283e-01
6.540732357375291794e-01
-6.533922987698006501e-01
8.881794483520184524e-01
9.659651627035170662e-01
-6.030135429724998719e-01
-1.068523082845121985e-01
-9.586430216116138547e-01
6.512657220822557491e-01
4.266888853936627868e-01
-7.176545797166760110e-01
-9.728416200981662154e-01
3.851162580217628584e-01
-7.036868012618713308e-02
-4.768096297239343140e-01
-3.692886392833177878e-01
-5.668832009592361665e-01
-1.619093867699945566e-01
-9.212636721518743244e-01
3.042309330440491344e-01
-3.921702278136471875e-01
-9.148169962917875875e-01
3.212363910846305348e-01
-5.666689966382754129e-03
6.457753857937991171e-01
-9.340028994419840025e-01
4.697540506501884927e-02
-1.984104604883165091e-01
7.432626517253733134e-01
-7.435271138995509510e-01
-9.260968960820559204e-01
-7.305820266778952909e-01
-1.826515893772695520e-02
-4.259192128071604966e-01
-1.560736903095416572e-01
-9.026046145841415402e-02
-3.315432085795037009e-01
1.060625359889604269e-01
7.891240538847925645e-01
-9.925387563365186683e-01
9.873137214449746457e-01
8.918091342401730515e-01
5.103990039791321820e-01
8.520244845826712154e-01
1.613940947483945010e-01
-4.291988075413550874e-01
7.399182611071946081e-01
1.589439227795042542e-01
-9.244793718267454441e-01
9.627911543897811342e-01
-1.657770354922780687e-01
-7.001530154745965184e-01
-3.914049432897321878e-01
-8.846210330712216408e-01
9.946966454563734850e-01
-7.105848155831002710e-01
9.391861624791316698e-01
-2.385135024812824467e-01
1.879869485966901288e-01
-7.332332418229448034e-01
9.567566323684781882e-01
-3.392952982757793112e-01
7.295795947136969328e-01
-3.763461519109909670e-01
-6.156740904742681320e-01
-6.912611137184777599e-01
6.494362709001626488e-01
-4.329747970589126194e-01
2.715812613907722106e-01
-6.232607563489200864e-01
-8.331759968133296557e-01
3.527817198038454283e-01
9.605620315019793853e-01
7.866784099193371294e-01
3.097914921438986724e-01
-3.250710522870077224e-01
5.899688273414389617e-01
-9.770138289134944198e-01
4.413371073213539497e-01
-9.942593745023274865e-01
3.913963342563337999e-01
1.778212453265914927e-01
8.049587445388273199e-01
-8.634234547906300961e-01
-8.543787638280311292e-01
-6.132981287003265169e-01
-2.494953373649737571e-01
-5.525712981022190551e-01
4.885884140980940593e-01
-7.351008702413419638e-01
2.586902842348006715e-01
9.183009237467962826e-01
-3.839398488909999685e-01
3.836120157431964217e-01
9.650791585224076652e-01
-5.901283966094772460e-01
2.458032450824247928e-01
-3.107223077538986411e-01
6.951090575069218680e-02
-6.871936177196676931e-01
-4.317302937060711887e-01
9.782622796215987293e-01
1.069354008076635054e-01
2.817759366168848256e-01
2.179351452858815374e-01
-7.519837788656984490e-01
5.299821136738219751e-02
-6.312796868975285580e-01
2.488479835950977437e-01
-6.975018051367771754e-01
-2.964036115548991379e-01
9.624389695398567479e-01
-8.149156163342192727e-01
9.141003778825442794e-01
8.601449516576200605e-01
4.479327491577027587e-01
2.141387521374973346e-01
1.675110538636354063e-02
-2.893359129093739934e-01
6.718637056858758339e-01
3.020182298759055417e-01
-4.818359685220473532e-01
-1.102526956100020605e-01
-6.837382022757265698e-01
3.709784313105259912e-01
-7.433602748138068428e-01
9.845391721595538881e-01
6.199162684571177806e-01
-5.698662163668088976e-02
-1.928363561194723630e-02
6.904444237160531905e-01
9.841468033634849233e-01
8.269144539464288179e-01
-3.415356692654667459e-01
4.418625586811986139e-02
8.362532222304026597e-01
-3.438209441223341045e-01
5.950253574075026197e-01
9.520035013168171023e-01
-1.695906350140903296e-01
-3.944193407609404289e-01
-9.924396157410685371e-01
3.713480230450973973e-01
-7.945356004643939762e-01
-3.461909961916149747e-01
-7.451748240169437931e-01
-7.934981031699542831e-01
-3.589018986078575946e-01
4.303839159544784465e-01
1.665902203427993555e-02
3.528785569540788813e-01
4.895470133952628533e-01
9.387832389118431209e-01
-2.747021394168802644e-02
-9.425585017493692819e-02
-7.860416057351273800e-01
-5.350762778059261482e-01
-8.177639494931201458e-01
-8.380527723511054239e-01
-1.376489384889971745e-01
-4.551884445291367598e-01
9.860707353600345337e-01
-8.497200163097053949e-01
6.823097232817454394e-01
