7.420145719385102812e-01
8.468151155069825187e-01
5.282622374317271774e-01
9.205007778919882533e-01
-7.676564628004165503e-01
5.608596463789025099e-01
-2.326584663642168316e-01
-7.252570818046946144e-01
4.220218388804792831e-01
-9.507552740863961516e-01
9.297649394459180927e-01
8.820504558364054004e-01
-1.584655117454759621e-01
8.157327705475012625e-01
-8.858784861251105536e-01
8.652383543079984474e-01
2.162380634492657716e-01
-3.023253999790922464e-01
-3.266471212221044862e-01
7.673735122841525147e-01
7.978990208519007865e-01
-2.263019622649160567e-01
5.471253228101697896e-01
-6.246402455488692801e-02
-9.663318167963086402e-01
9.291714455154584940e-01
-2.803580359159822954e-01
-9.312908036963735148e-01
-3.535511912633257925e-01
-2.910920778359242789e-01
1.323472181616769383e-03
-8.364076928547168333e-01
-2.079646047181601953e-01
-2.344846282234618329e-01
5.622202021876729905e-01
-9.588523559030370791e-01
1.344772922486687783e-01
-2.104307660276021341e-01
-2.211295840730499451e-01
4.776540022369688554e-01
1.755055349677365761e-01
-9.010852372593469717e-01
6.628695204769274874e-03
2.641015853618269293e-01
9.573783376433004921e-01
2.665873548887043309e-01
5.065844667652183997e-01
-2.742480997579288537e-01
-4.194306404959924350e-02
-4.615659383329637766e-01
7.750391315791691493e-01
5.509140210402783122e-01
-2.485263767302854365e-01
-7.780719513928913145e-01
6.558189791136090352e-02
2.113026397284587521e-01
-4.104869906628776377e-01
6.976146411999892827e-01
-9.703077977808595156e-01
2.542249063049297278e-02
8.737343849326876244e-01
-8.338065177869995459e-01
8.618411945908419636e-01
-1.768725792331532209e-01
2.949092843000752917e-01
-9.655748421806871207e-01
-2.852881014617763000e-01
-2.623041404115036279e-01
-3.162428566611660830e-01
-5.139846038980075971e-01
3.519762630439313700e-01
1.292151420116804950e-01
-8.873783486443579394e-01
-9.680104418113371079e-01
9.942786865434258825e-01
-6.090661343994567822e-01
2.332955152809579324e-01
-2.359039592588867418e-01
1.667882491796248701e-01
3.752214144645862892e-02
-8.550530350354104137e-01
3.027981273839535081e-01
8.884733371993314144e-01
2.385655557122765558e-01
-8.302288591611706181e-01
8.837315960089042743e-01
-7.031703697784115192e-01
2.794999090989966906e-01
-5.802902997378360794e-01
6.993901035837857272e-02
-9.560521125546461718e-02
-1.055623710343978061e-01
1.003065676533869688e-01
4.815172154941466109e-01
4.409618614834779904e-01
8.084241832796279503e-02
7.348325837468862032e-01
1.230670566776079777e-01
7.595057179458826191e-01
-1.937379415487316958e-01
-2.948205601782809548e-01
3.063969796671937029e-01
5.512264158676747350e-01
-6.511259428492504053e-01
1.535248042199647278e-01
7.040965616193486376e-01
-4.702004467320449188e-01
-2.978866205337898920e-01
6.300878428420138011e-01
-5.003449797328669568e-01
-8.307443226974335904e-01
6.095755114942402741e-02
4.815043189103447308e-01
-3.986790227716894841e-01
4.095902697515716451e-01
-6.174516659046132006e-01
-9.788527350983216024e-01
3.984278212086822535e-02
6.446426787392975921e-01
8.305401506053222693e-01
1.332597881845056786e-01
9.003270442775741511e-01
6.330453342491411117e-01
-9.062937344901799142e-01
-7.209805719125433887e-01
5.252984430486982159e-01
-8.562412541993376092e-01
1.315604851902540673e-01
-4.836865828432342362e-01
-3.904121128200159774e-01
-9.657627680629032874e-01
-8.670353417349176972e-01
-9.590503273198688339e-01
6.967011378703493740e-01
2.086962972917627557e-01
-3.131191491935887972e-01
-7.597492542158135187e-02
5.444511257900215284e-01
2.553882103815736659e-01
-2.772481762588050458e-01
4.366468593435308687e-01
-1.124849897483013450e-01
4.258191408574252268e-01
8.353619356176618105e-01
-5.002902190894005230e-01
1.389774063949453797e-01
5.042756452556569347e-01
-7.182084854056818291e-01
-9.077650042101463868e-01
8.939434076433423471e-01
-2.510747617653577013e-01
5.655839026649251977e-01
-8.035001386336776408e-01
-1.493486134410471067e-03
-6.561793704304208497e-01
-4.688318639456157122e-02
7.021706715917286346e-04
4.011721980309047586e-01
-1.126598231712017117e-01
-9.552334727801325975e-02
5.118872312211246722e-01
5.927366899196973016e-01
-2.007949824130250693e-01
1.930600491555382603e-01
-9.745824413427850441e-01
-4.871495271496997237e-01
9.107468507768866628e-01
1.998082529458069523e-01
-5.888285304472169468e-01
-9.696860121754771189e-01
-2.970734159488300219e-02
-8.932000586883979132e-01
9.921833140477661628e-01
8.094499006290674092e-01
2.115605562067754963e-01
-9.186211436732214519e-01
-1.646510277059909377e-01
-2.979921709269403030e-01
-5.943008903365722961e-01
-3.879458320522497505e-01
-8.922199762129841005e-01
-3.279011951279153791e-01
-8.743978820802453811e-01
-6.605284054749454015e-01
-2.827267475301131761e-02
-8.335322615916385125e-02
-3.625093565760091341e-01
-8.582600072464141583e-02
3.359340228705525178e-01
-7.575450007592505752e-01
-9.955575465550146053e-01
6.585916424702986660e-02
-6.969069073652516266e-01
2.996728824132366409e-01
1.400371272382847643e-01
3.739155646781437969e-01
4.768349535207982992e-01
-8.255873948798828632e-01
-7.818831838025069869e-01
6.284756903119974591e-01
-9.076459413894305550e-01
-6.661269556474993525e-01
9.387971491489003339e-01
9.887094873802728667e-01
4.578369470769769745e-01
9.289122496702878484e-01
-3.640234918064171321e-01
-3.573853430771403161e-01
7.589119563477844110e-01
6.885717639383892585e-01
-5.026091260173337627e-01
-9.898064525216818677e-01
-9.023683840501339759e-02
5.500901983252405314e-01
-7.166317262209980221e-01
-6.933840891625120406e-02
-1.631103171258412310e-01
-3.644614694747041472e-01
6.631963702986864995e-01
-9.049979645150983965e-01
-8.161103064533385965e-01
-3.093924501945339856e-01
-8.084535401145285238e-01
-2.134551579757746342e-01
-9.389175180831503820e-01
-9.987976585581275213e-01
-1.917591453433975524e-01
7.431105924797756224e-01
4.071713850679975488e-02
3.098719417413411392e-01
5.199763493769875566e-01
7.688361699645811509e-01
4.789891506311012015e-01
-2.259059977425270649e-01
2.557059326933399657e-01
-1.276771573405395266e-01
3.075955271867250040e-01
6.224875874669303366e-01
-2.786770749657507817e-01
8.499784719006454603e-01
-9.790854476719796917e-01
-4.113580187304708424e-01
6.633787107109382353e-01
-1.162581671735073430e-01
3.804210396218785650e-01
2.879475411818688269e-01
7.422612947415363482e-01
-4.638361488569263391e-02
8.108342719998704595e-01
6.461098288496159858e-01
7.596175415641479578e-01
8.194240415444131731e-01
6.207136964844603977e-01
-5.702866931654202443e-01
-5.163516368578286997e-01
4.233860553341728394e-01
-7.818060053712871937e-02
-9.588810998763066529e-01
-8.708196366760589946e-02
8.178523829868105111e-01
-7.645578311344797262e-01
6.819221472286960406e-01
8.694725512916212651e-02
6.616086914033316724e-01
-3.213656428281762567e-01
