4.658140553671950013e-01
-8.056994867335423027e-01
4.063464674182510894e-01
-6.337778942665015514e-01
9.681146802519666750e-01
-4.927020944453919249e-01
-6.422104930870395911e-01
-8.402111022100677840e-01
-3.058822515846382206e-02
7.611500029676645518e-01
-5.636902240801526798e-01
6.407502104835436363e-01
8.389114588054980004e-01
3.136181265666788676e-01
9.622451405677713288e-01
6.782070222331468834e-01
-4.006117972932117799e-01
1.308187766212620673e-02
4.922730884233901261e-01
-7.744601717325136914e-01
-1.434132653223734177e-01
-6.841735943433602252e-01
1.310926412005017916e-01
7.454729175889693860e-01
3.837852908751830938e-01
4.425078388826360065e-01
-9.817066016573792187e-01
-2.200170149333928737e-01
6.118678388402876145e-01
-1.253898957509571588e-01
-1.744726977948494184e-01
2.113105267086706762e-01
-5.729972782690508915e-01
3.793451684392492584e-01
-5.847867841552596424e-01
-1.455574459353670136e-02
9.921749381547109170e-01
1.980901431769215293e-01
9.486489258342010178e-01
-5.171125476419247136e-02
-1.307840950729446394e-01
1.761432363301334014e-01
-1.039955752167415204e-02
-7.252787599997390089e-01
-8.127801778347445438e-01
3.846301063870980474e-01
5.334097534508017713e-01
-3.218785838192825821e-01
-7.080876958456450154e-02
-8.189542917371106512e-01
6.263550465593937799e-01
-4.801399716421791974e-01
-9.318385473893815441e-01
2.097085571640444623e-01
-8.393247508372139176e-01
3.521660143016971389e-01
8.918465778626407658e-01
-9.950605083057054712e-01
-8.884967553279587982e-01
8.383361291215152278e-02
4.082177648584999208e-01
-4.321378100135250255e-01
5.362881114922093406e-01
-5.065945828155695718e-01
4.818450476222981838e-01
7.735768526720898652e-01
5.332631986318339123e-01
1.200259344524394756e-01
-4.054402822615377211e-02
-1.307527794019398559e-01
9.476018737210208931e-01
-9.993477577746461282e-01
-6.768054271672350186e-01
-2.835475692377116275e-01
7.435508350260098265e-01
-2.234340497667080816e-01
5.476582606842304024e-01
5.376239035193548510e-01
-2.264466275934978179e-01
-8.220935214421813964e-01
8.481176594685739811e-01
2.367060184602078898e-01
4.998751834122620585e-01
-5.262246259972751528e-01
3.369969725336201538e-01
-1.061172343512963023e-01
-1.797904759613601078e-01
5.625999544813864439e-02
7.416730004605942561e-02
9.093507256897637170e-02
9.731938284338348399e-01
6.890224803772508899e-01
-9.357408832316559399e-01
-1.007059662605414019e-01
-2.450109354143947815e-01
9.643840421551526099e-01
7.975185662477122239e-01
-4.424805548137520361e-01
2.839871753266598464e-01
9.139415366200496216e-01
9.937848127235855422e-01
3.682436249710621112e-01
8.371751903060673516e-01
-6.587954500512860356e-01
-1.177793588692495064e-01
-8.434114334593553197e-01
-7.627722302895094675e-01
8.766416354266977073e-01
6.452838922222261520e-01
-8.506099005633922516e-01
-5.485715064548435382e-01
2.641081309628334414e-02
2.159961210962777489e-01
-8.073381605653418003e-01
8.524742514134919791e-01
-6.009319689903226402e-01
-3.077050989590626173e-01
6.598997974811702250e-01
3.126928206258838827e-01
6.853463201378382497e-01
7.734081212402400540e-01
-9.308574130962175008e-01
-3.806437307640345713e-01
-5.592104446032146736e-01
4.487423920985040837e-01
-4.977721908216463653e-01
9.507364365716608479e-01
-8.254824764429871120e-01
-6.304656468950289305e-01
8.026541332857271005e-01
-4.165524127949882249e-02
4.698507106909952658e-01
6.185661084219434835e-01
4.126948821807174816e-02
-5.490627563302108438e-01
-7.048079470424721826e-01
3.765390952887925913e-02
9.826373311684484246e-01
-3.801705864283352332e-01
-9.858343129129026883e-01
-2.849137227344274437e-01
5.469232182679899523e-01
3.601797405187863177e-01
-2.165883533261011018e-01
-8.514844771704098703e-01
-1.376529963126862377e-01
-2.650079471214645821e-01
-1.649411282633235221e-01
-6.572662439147638480e-01
-5.657332830289804049e-01
2.380712555118662532e-01
-9.747130211316823445e-01
3.553472452930948045e-01
-1.945308007504743530e-01
-1.426000923876082904e-01
-5.404657833181486515e-02
-3.430054222905729588e-01
5.861533759040986613e-01
-2.133741112100267512e-01
-7.976997148673692362e-01
-6.433130735110339504e-01
-2.568720430850941483e-01
-9.421504976697889777e-01
-8.097347581187048782e-01
-7.876824050611852535e-01
-5.061269922956990186e-01
6.791603331141750077e-01
-2.458692698710311930e-01
6.921398815133639193e-01
-9.021251707842565803e-01
-9.596579127168505252e-01
-7.177083082308153283e-01
-9.305708718709126970e-01
2.654817599784708992e-01
6.634622188996606162e-01
-5.203798408129551856e-01
-1.696878278959039754e-01
1.963253302262657485e-03
-8.453680083387671296e-01
-7.030740272992777040e-01
3.634784804529667124e-01
6.306082156256176408e-01
1.768329569492077535e-01
3.117628164853318840e-01
-2.659009310153308547e-01
-4.426212671518408026e-01
-8.655226850152034079e-02
2.101096496053278528e-03
6.414207192287144643e-01
9.971834560855550311e-01
-5.912744729495913454e-01
7.859652577007036900e-01
-2.673896796273700360e-01
1.501312273332531255e-01
7.091626309229825953e-01
7.674416046533878433e-01
-1.780358158809813574e-01
2.802566372973009923e-01
7.765897362102804902e-01
3.684251814034884553e-01
-9.414267570746357450e-01
-5.925855496537839606e-01
-9.940458858563691047e-01
4.956972430725092860e-02
-6.096225179338402023e-02
-5.582052298237889509e-01
7.191238168821805221e-01
-8.663804801037457981e-01
9.231119089255397370e-01
-6.997318538454471160e-01
5.644440761277902396e-03
-8.186640733045706941e-01
8.869268040329356673e-01
5.585182180890235770e-01
4.371971943088917012e-01
-1.282208270841773690e-01
8.044507317681814929e-01
-9.077952771420727540e-01
-9.862020693094187829e-01
-6.971765963787137643e-01
8.829012625759813382e-01
6.813427033482298834e-01
-2.011786274250826345e-02
1.456082831726024374e-02
9.940158165507625432e-01
-4.770175265857167224e-01
-4.833028423425816955e-01
7.119304891431499360e-01
8.253907650070031465e-01
4.531938905275321172e-01
9.519877211155058916e-01
-6.506971319029540846e-01
-3.761719194026831303e-01
-7.835152522216781712e-01
3.008677730725906052e-02
3.910153850890070171e-01
8.462730190649268014e-01
8.100120059167849051e-01
7.361212953881941523e-01
9.858585865785803870e-01
2.902171583100801033e-01
3.691441687276872941e-01
8.178596540014004823e-02
-1.672859032972437987e-01
-9.648393501416077100e-01
1.933189425832257946e-01
-8.461920153429236535e-01
-4.299011215432326782e-01
1.452987789361226412e-01
-9.889379853829241007e-01
-9.442352835558793789e-01
9.814228035050762688e-01
6.629004453373217309e-01
-4.746754898726512906e-01
-8.262361623437506353e-01
-8.190227683942349346e-01
-1.039745361309682981e-01
1.330562842206846064e-01
-6.195684970080905796e-02
5.921293212711531417e-01
1.245313910603303986e-01
-1.855116311288196318e-01
-6.991497003267903576e-01
-2.961833434346544114e-01
7.879395239867759138e-01
