-6.502624356991104637e-01
-4.113982955716664058e-01
-2.930420937193445319e-02
-1.827844258916324627e-01
7.822307010817337591e-01
6.813725438335378470e-01
1.334544278342762458e-01
-9.634762521294779059e-02
-2.121341837282242349e-01
9.244838007374845956e-01
8.220610716536849161e-01
-1.785333271842253211e-01
3.160877033973055195e-01
5.522489058576285359e-02
-7.367701065740236421e-01
5.518028301062183338e-02
-6.080505315710820202e-01
-6.156517332875333093e-01
4.937809874002512256e-01
9.643567144081131026e-01
-9.213695821279694886e-01
-1.677040329470196323e-01
4.286821880026725484e-01
-2.757842839332402818e-02
6.839642620251353833e-01
-6.855899384526994433e-01
2.346893272209239212e-01
4.719248218168072828e-01
7.475557206858712833e-02
5.533348863139775364e-01
4.030691803774044679e-01
5.152796146160381063e-01
4.980076946079581290e-01
1.461080583975844505e-01
2.532335955707440966e-01
9.543747567160473233e-01
3.049961261919322819e-01
-6.978216221138366926e-03
-2.513362469395383769e-01
-1.432234584642069208e-01
-3.960303959808234020e-01
-9.616130743470173714e-01
-3.156336054431756466e-01
4.387094205287453974e-01
6.942862965919180951e-01
-4.333831619362271681e-01
-6.100648650571465215e-01
2.281799368477279710e-01
1.931080880733400118e-01
3.804122836238164052e-01
2.628080178643154019e-01
9.582854937520086658e-01
-8.762185961736101980e-01
-6.647325440741423952e-01
4.022646962608700250e-02
-5.442599465448222373e-02
-7.909327701066513061e-01
-6.100006979914107674e-01
9.215353641239412141e-01
9.700644262889498437e-01
9.455446630988397771e-01
-7.987901911215353756e-01
1.812081610028946077e-01
3.575612862571266870e-01
7.097368549281304340e-01
-9.990452966964281645e-01
9.195848224677793947e-01
9.819155611062895250e-01
6.148761703822913649e-01
2.113116391719094267e-02
7.013979912378249804e-01
4.501701619958374256e-01
6.582249222575851100e-01
6.734455265833416693e-01
3.814410134652781448e-01
-6.425871136621853497e-01
7.572799232606688413e-01
-2.052999982977055660e-01
8.935787909760717351e-01
9.709597301137090630e-01
7.087056794561497064e-01
-1.334152344834295123e-01
7.428605563741854656e-01
7.533704232744136142e-01
6.259267751757224829e-02
-7.128248747317251777e-01
9.965734359712350443e-01
4.377268428379146314e-01
8.719341981986594714e-01
-1.951515623935560217e-01
-9.049344935254950428e-01
4.637869863680081917e-01
-6.183435636965786131e-01
-2.835956231809788619e-02
-9.110096012679871347e-01
-3.019361504603808033e-01
-9.449719526618427512e-01
-4.924854147922319569e-03
-9.978037732568880713e-01
8.400099206377391603e-01
-1.429009254609197033e-01
-8.891977005199278583e-01
-2.909338529527532025e-01
-5.161053439443930024e-02
7.158846236403343388e-02
-7.638204631961462709e-01
5.041049580005744213e-01
-8.582220414181362944e-01
-6.286708850560327466e-01
6.231540675291162845e-01
4.542549844538508186e-01
3.693745324835543409e-01
-4.453952896880497558e-01
-7.951781299836857553e-01
2.783751973590440354e-01
-3.621933502318187559e-01
-6.475484114644061151e-01
3.397694006173459513e-01
7.456925054882754811e-01
-9.961950940382060526e-01
-7.894971218638469068e-02
7.536038075543485260e-01
3.490142903499407478e-01
-9.727537713592713242e-01
-9.834699685864939367e-01
5.922234208421528479e-03
9.552510307592676497e-02
3.211763549414716756e-01
-4.695791602438617041e-01
-9.246061344128122528e-01
-3.943928156444973521e-01
-3.969981566176905563e-01
-8.287422417142777942e-01
-2.319596574945267109e-01
-6.800061705096751563e-01
-2.492136356449847767e-03
-9.792741634571645593e-01
7.622951593950860749e-02
-6.549048969829440736e-02
-6.694885250825857170e-01
9.439624143017271152e-01
-1.983541536742294831e-01
-4.804711830964798480e-01
-9.998908164154454159e-01
-3.785536440926384749e-01
-9.824398982619682030e-01
-7.137141681458993858e-01
-7.953018646192696606e-01
9.675823239865641856e-01
-7.595113936211561612e-01
5.312811013619134215e-01
-3.330423625368115204e-01
2.291116829185485537e-02
-5.118817129464431348e-01
6.736881171133179969e-02
-8.636996596589736619e-01
6.706588404708933027e-01
-9.831938246352198707e-01
-3.573040740564259465e-02
-6.526656165609658888e-01
-4.096606378908209667e-01
-4.130493290807362161e-01
-9.307475459561282971e-01
1.713172380275376216e-01
-2.043641275092222820e-02
6.096401275951301990e-02
8.286079638875303299e-01
-5.420434626765253672e-01
4.293498298455011852e-02
-5.223525842083542869e-01
6.967365610540303678e-01
1.543054252073567389e-01
6.002333798405550258e-01
-2.320674250599203958e-01
-2.902344144429092054e-02
2.548910520547766900e-01
2.426917942392206040e-01
-9.928280254027196383e-01
7.277590271657516929e-01
-7.202300091535558391e-01
6.814363599009469752e-01
-9.337076256254067674e-01
9.666951280248539113e-01
-7.960560421311182466e-01
5.018946403552100310e-01
2.071419776051774131e-01
8.949188391868019288e-01
1.394780730038573946e-01
-1.427938538488653375e-01
-2.555132058948685891e-01
8.663496539345322267e-01
8.420800020636756145e-01
5.845621851534157365e-01
5.458726450749766812e-01
-6.224193005989826499e-01
3.469927765258997709e-01
-7.821930361726221470e-01
-2.740689603706278898e-01
5.755639776734482460e-01
4.515096812145547034e-02
-3.122564697751883944e-01
-6.786473895669600243e-01
9.060097158676330142e-01
4.036272012587580615e-01
-8.707663132839031928e-01
4.953487443327080353e-01
3.062375213759038761e-01
8.884873236229584581e-01
-8.046248943272411580e-01
9.447119162122394886e-01
-9.014651027782083492e-01
8.216757043803071259e-01
2.170094625918908005e-01
-9.013675689127722546e-01
-7.731163264769167487e-01
-9.178059492184218460e-01
6.136524753405392385e-01
-3.048280770630338310e-01
3.172678665909101081e-01
-4.228634682264394984e-01
-9.769363856093463694e-01
7.965252118904040390e-01
5.820896395492543007e-01
-1.465351371073171372e-01
-5.911976692714084880e-01
-3.293311184094975808e-01
-1.942198005529987004e-01
-3.840908428342455494e-01
1.417659683466738763e-01
4.612220415962100528e-01
-4.832805989588615514e-01
-8.382588441850464811e-01
2.614525078027087335e-01
7.505892802646487727e-01
5.926892926083302537e-01
-9.932763199300128631e-01
-6.711017982728892939e-01
4.787037380733472069e-01
4.273494354639939541e-01
-8.450853079035327564e-01
-9.300261178167213982e-01
7.539787408616869246e-01
6.804723741163853923e-02
9.328241697016987910e-01
2.367260550719991752e-01
8.900235723026186929e-02
-5.536869291728414577e-01
8.552350957950620725e-01
6.658210748167031623e-01
7.567178071775610970e-01
-1.180890948226168136e-02
1.973956585281561038e-01
1.592958801268273827e-01
-9.065344252156630755e-01
5.295726811246685983e-01
9.517145090962286780e-01
-9.628839678884049125e-01
8.742858684538870051e-01
3.373755535583842224e-01
9.818040950113560150e-01
8.246529600290012363e-01
-8.680016001253811897e-01
-2.627833119506650661e-01
9.380316281576609461e-01
-5.557341550753223114e-01
