2.228329291314192773e-01
-7.834681839232262579e-01
7.015221481945177473e-01
-9.026218696939456443e-01
-5.125697440929686266e-01
-6.801569417551136532e-01
-6.652329904173936992e-01
8.516467190615277794e-01
9.530679369865628914e-01
-9.324615666439541872e-01
-8.541796816855591334e-01
8.352885672612853085e-02
-3.392522706626279749e-01
3.221897531399615655e-01
-1.093713472171424783e-01
-2.270804532204699910e-01
3.578892612940991480e-01
6.077909954688849314e-01
7.463879043177122918e-01
-4.739514422461164056e-01
8.185098436066762240e-01
5.305131763378587717e-01
-8.033086138196300352e-01
-8.671211781812255825e-01
9.423027379421524685e-01
-3.731258978281910554e-01
-3.707247309429753113e-01
-4.028155445464154383e-01
-8.532949262514128996e-01
-3.609524393406213782e-01
-3.710282528781756461e-01
8.208488814029174518e-01
-1.844041594830919673e-01
-9.952290445050644419e-01
-7.401866545871371716e-01
2.498316012427826416e-01
1.550962970125795426e-01
3.992958345492669814e-01
-7.043302656979344434e-02
7.398623720333855625e-01
-4.320029139791117245e-01
-6.242045013055053104e-01
8.255679496208601087e-01
-7.028766998226521068e-03
-5.261787346993325176e-01
5.432331806168093635e-01
-9.237283284543396089e-01
-2.878812496586735659e-01
-2.471890231479647593e-01
-5.177434291603935090e-01
-2.416152501279054121e-01
4.176588703588151041e-01
-9.475130675896343835e-01
-8.201487902803540342e-01
8.578741109189631509e-01
9.343902398883443539e-01
-9.714123054312191474e-01
-8.323644414739375108e-01
3.558167111656316273e-01
9.851966103163418698e-01
-4.342956364592081009e-01
5.159675304048847444e-01
-6.922737309884414714e-01
1.794859421880496964e-01
-7.113492484418177941e-01
6.349946732708422470e-01
6.980021749702496336e-01
-6.954850470559654774e-01
-7.069495290762179973e-01
-6.342277029289371537e-01
-4.788729076797388906e-01
-3.358041700346705571e-01
-6.136020226695362290e-01
-9.962326282169842173e-02
-6.140687634150518992e-01
5.380617759765131680e-01
-1.605251389589175126e-01
1.660618457032918549e-01
-3.246698492483834908e-01
-3.041067428583745791e-01
-4.325553868568224880e-01
5.620934344234538305e-01
2.122839398625093743e-01
-5.844966212530651184e-01
-1.335394134557188472e-01
5.487647970717424162e-01
3.909764923468281861e-01
1.320356922943810574e-02
6.387051070705556111e-01
9.267688809444805109e-01
7.190762464581030855e-01
3.462329760954174773e-03
5.554359724520987474e-01
-3.862384703360517424e-01
-5.493719353994553911e-01
8.385671399998004816e-01
-1.417969957097335865e-01
-6.171787685354471753e-01
-4.692775725105619022e-01
-9.831331342494427084e-01
-2.880094338587594338e-01
-7.926825395741883273e-01
-1.992083982672927522e-01
-3.983464161237555423e-01
9.734382183069423267e-01
8.748527185250269955e-01
-4.340777195721801096e-01
-7.206469499248773225e-01
7.465510309090782615e-01
3.707365262424535679e-01
1.090792002798570692e-01
-7.571930211222145379e-01
-4.629926523213021561e-01
-5.930879798238442024e-01
-5.129270607657754333e-01
4.144575170936850572e-01
-2.006174421987756418e-01
1.879469305136107771e-01
-2.747637784307543907e-01
1.768116803814949733e-01
1.645553939701904778e-01
5.971205083529775859e-01
8.799364180593272078e-01
-3.589225719300617179e-01
7.348254644332492536e-01
-3.963594081914213474e-01
7.119130648564770958e-01
7.319277837426046984e-01
4.526692782816452709e-01
-8.426468994781012301e-01
8.739174738976451806e-01
3.075775137880254473e-01
3.311103597850260094e-01
-2.102468812804155207e-01
2.038260947082692898e-01
-1.965495012802168096e-01
8.803482818519661190e-01
-8.509824272013203350e-01
2.759012905070758540e-02
2.742459699286303731e-01
-8.606420043425371258e-01
-2.217464733718249592e-01
-8.763405665414996104e-01
2.043546749891123060e-01
6.752693886596730088e-01
4.075897155699403918e-02
-2.873217874105233882e-01
8.593855721393486302e-01
4.500490202140781104e-01
-1.759321804948430490e-01
3.932347812500511797e-01
2.425795559058598894e-01
-5.469575491618752228e-01
4.537952743149213930e-01
1.889825410097751845e-01
1.604555893702830360e-01
9.250317911233623125e-01
-1.354753312400911458e-01
-7.793181192429545767e-01
5.609298701195877257e-01
-6.424758966262529292e-01
1.673286336018771081e-01
-6.619885571759887011e-01
8.211839672089205067e-01
3.591207333423246384e-01
-5.248707360368694008e-01
4.256398122398219463e-01
-9.688111707605617795e-01
9.444389979775738020e-01
-9.263034754148720129e-01
2.325643751067731912e-01
-2.834506558882265992e-01
-2.963457879494635350e-01
6.798067647182934881e-01
-6.176795173852259735e-01
-7.246343081974917499e-01
8.907592043583663077e-01
-5.208517699947237123e-01
8.048722349159207479e-01
-5.257882987510380524e-01
1.149763297455344002e-01
1.774011660517196276e-01
7.972692819617366311e-02
-7.795186330356844717e-01
5.104823605507422535e-01
-2.325526356460128063e-02
-6.652100541098171504e-01
-8.437472223202442390e-01
-5.948028518430530376e-01
4.588910368699356535e-01
-9.491094007942322275e-01
-5.178667398284100276e-01
-1.349578751152528122e-01
3.842348790445154205e-01
1.500784134595795072e-01
-8.220437701292522270e-01
-2.309594338965708094e-01
-2.508226264858817167e-01
9.426656250896137124e-02
-4.192578306918526287e-02
-3.329273923715965200e-01
-6.929159233127888395e-01
7.472518623192714315e-01
-8.838169064092931126e-01
-5.378455149191154749e-01
2.441291890503700657e-01
1.721478273681242843e-02
3.245233344873115211e-01
-5.937276451170540037e-01
-4.425092695089161143e-01
-9.839835587455554311e-01
-5.618183711016360160e-01
9.478457736393024469e-01
3.806309838542953905e-02
-3.837158839464468452e-01
2.056490696692132580e-01
4.509074178736011684e-01
5.772958404593666604e-01
8.247538015613267159e-01
5.674931964283769226e-02
-3.661786291225872514e-01
-4.503609647344222200e-01
3.389473370135260843e-01
8.855293494641724994e-01
-8.701506273011079262e-01
5.364437819671684649e-01
2.911190011751167983e-01
9.744421413879615912e-01
-4.981406882334259434e-01
1.277136932058176022e-02
9.992925959676006720e-01
-7.573497521222840589e-01
2.625521005446893597e-01
4.412163146429823879e-01
2.554081573433859553e-01
-9.632358011926051011e-01
-4.856233137934522492e-01
-3.090182541003103633e-01
-7.735515307117348804e-01
-6.615333864637122918e-01
-6.355426919033346778e-02
-6.567477140020445692e-01
-7.078891362469273973e-01
1.708852482060064792e-01
3.682866748473900831e-01
4.250714532906862964e-02
9.568660800429282798e-01
3.817763068884292288e-01
6.491164975551420024e-01
2.623214303562355632e-01
9.036973918988250309e-01
-9.858913780371736379e-02
3.831101018551796855e-01
4.003128631025276718e-02
-9.218187180824188864e-01
7.885377742657015965e-01
9.771642383363952078e-01
4.641168973254685692e-01
9.335640809915559668e-01
9.532076926880035384e-01
-6.602401956236816361e-01
-7.131668987558870132e-01
-8.211894601767684154e-01
-1.773724704009309594e-01
2.766735151684998062e-01
