-8.919784733110789343e-01
3.650251105489228376e-01
8.416189690916067168e-01
3.487798548728249237e-01
5.690321047551902822e-01
-4.328714992264418027e-02
7.472155065335948088e-01
8.502335833482232985e-02
8.773909503001473542e-01
2.970287169738674571e-01
-2.897830750062804217e-01
-8.481153586546801293e-01
8.220824102205421813e-01
8.031984066763708796e-01
-1.321653011143062439e-01
2.683785718271896048e-01
-9.195651071502782825e-01
-7.341063093842854492e-01
5.831749152238308032e-01
-7.379661271682423918e-01
-2.835274735779746980e-01
3.403488186278202932e-01
5.292545836247042335e-01
8.386782718429204309e-01
-4.951152382108969796e-01
7.742547065902491976e-01
-6.696645654990101004e-01
-5.101247264334956011e-01
-3.963494202433293090e-02
-6.291432091983559793e-01
8.978287392615513784e-01
8.569194657835974560e-01
9.088822705556192094e-01
-1.207074221741462061e-01
-3.405781896176025558e-01
-9.859356843061020115e-01
3.438765990777441495e-01
-5.959775559758766494e-01
-4.585852551887850126e-01
6.928518894051807209e-01
3.849940473355520920e-01
8.995083818773661477e-01
-1.230174800169487881e-01
-6.303336667252279479e-01
5.788762922550370060e-01
5.674848727611462307e-01
8.193346024481673595e-02
2.384932126456402735e-01
-8.803301254081302707e-01
6.080004461196436560e-01
8.292065922079898677e-01
8.165421426367359681e-01
2.849170195887529289e-01
-2.227804991153583547e-01
7.375271930530997722e-01
-7.920294870263799858e-01
-1.632004764635492933e-01
-7.237272612938976390e-01
9.958319612504976659e-01
-5.892271368833994494e-01
-6.101380458020218001e-01
-2.989642712031369554e-01
-7.943729492563378347e-01
-5.229799821519625080e-01
-4.159985415698067568e-01
-7.854590066235123125e-01
1.187670836903018667e-01
5.312499055577074580e-02
9.947526204152827844e-01
6.681508383434525689e-01
-6.413025893169237435e-01
1.308204303342719310e-02
8.122642675503290999e-01
-9.593929975846628988e-01
-2.749595492511875960e-01
-3.033731101953502374e-01
8.818317769940671180e-01
-9.879234163744592401e-01
6.708081176491074160e-01
-2.219832822481253576e-01
9.992707529120262722e-01
3.018582548258659237e-01
-1.028460428793387393e-01
-2.686183603081189197e-01
-7.451991564682577396e-01
4.765937260826627053e-01
-1.800390261907947043e-02
3.373292023847052068e-01
-7.853064657660536740e-01
9.204567965679524288e-01
-9.691237999058287533e-01
4.963070569466823123e-01
1.615915571096216141e-01
7.876634236169777203e-01
8.345309982337354437e-01
2.612313909333619510e-01
-2.827464665969903201e-01
-5.819112246360325091e-01
-4.061596667625058110e-01
7.918353056413587332e-01
6.842524284504463150e-01
-1.792739307566745821e-01
8.022049054835012072e-02
7.535006396892822700e-01
8.964556728337496061e-01
-3.972525925943488634e-01
1.272639153563854819e-01
6.666259833000691692e-01
7.470757628869648670e-01
9.215709257834698853e-01
-7.558395667761671488e-01
-4.465028899776517513e-01
-4.993173453901145198e-01
7.913912629562858125e-01
-5.096804783288850782e-01
-8.764130818526577604e-02
-8.065348079881138332e-01
-7.676435881760346192e-02
-5.355737295984746016e-01
-3.143439102004030872e-01
4.984159848039018126e-01
-9.737236824688506598e-01
6.437005739574206409e-01
-6.180343629636048108e-01
-1.555225756754485822e-02
1.953118603782820761e-01
-1.908925882236522931e-01
3.725941610999842224e-01
-3.216502741238349561e-01
5.343896639059053655e-01
2.530791034205746026e-01
-8.998524226819015759e-02
-6.129644657310999722e-01
1.827365174474095966e-01
9.885816289889333142e-01
-5.233772020472877706e-01
2.152260963714954789e-01
2.439708123311133958e-01
-5.844687913566675164e-01
6.199761425841621154e-02
2.383851302405859407e-02
2.001305046573660373e-01
7.904467201938815135e-01
4.942363280704702433e-01
4.767203923752821315e-01
-5.582540753113347520e-01
8.156164261298541884e-01
7.802434138677238895e-01
-6.157242583579785045e-01
-7.576868218534154042e-01
-6.300849160080359557e-01
2.035752985396235282e-01
3.104634086025878648e-01
6.536137708977457494e-03
-7.551640693650265579e-01
-5.904362638002353947e-01
3.142246741494106876e-01
-9.953143129319246274e-01
-2.156717240128573909e-01
-9.319659483244691067e-02
-6.918355203945749654e-01
-9.282094806408064391e-01
4.471780129370432622e-02
-9.626521456838033064e-01
-9.472051786893278535e-01
-9.457358983212207360e-01
3.657564665619509325e-01
-4.689471652003198709e-01
3.290215146634059007e-01
-3.884053440761885412e-01
-2.623106398245089732e-01
-4.643128323002641000e-01
-3.441827725020822903e-01
-7.932300767702415989e-02
-7.761755431350003676e-02
-2.477941171629449713e-02
-6.849360826219861309e-01
8.692567217372630939e-01
-2.881488939599592403e-01
-4.299471773897797222e-01
-9.163662449854788061e-01
9.156750498213630518e-01
-1.177544251044522206e-01
-6.714031289143016501e-01
9.430266018560651275e-02
-2.288794267257927284e-01
8.536669477591922739e-01
7.549413962213444851e-01
-9.836128996428874505e-01
3.319880712753859875e-01
-1.944617370696483105e-01
-9.027538427041119640e-01
5.281864118761299132e-01
-7.812990677203710543e-01
-1.412602927231481065e-01
-5.757323000449685590e-01
9.980661914200397167e-01
1.968937066020146620e-01
-7.657242547470333172e-02
4.844694767173798322e-01
4.365475466350083877e-01
-6.228204173648954622e-01
-1.292732772082014758e-01
4.624004564914903082e-01
-6.966742265641874265e-01
1.553706548500259910e-01
2.114369872419623597e-01
-3.294630918846888079e-01
7.787873141118617504e-02
4.132361300237505919e-01
2.888123886753495295e-01
4.398278059594507017e-01
-4.461522731225265881e-01
-6.413485414400577067e-01
9.283344534800359593e-01
4.232367830187488966e-02
-4.071745470556351609e-01
-7.263789510142295569e-01
8.668151966099535422e-02
1.621998449170449774e-01
5.204106811907482921e-02
-9.866516983202739954e-01
-4.588875282709616865e-01
-2.911742165542472449e-01
1.190745482615445106e-01
1.181607478481581097e-01
2.745313534500155583e-01
9.629185556271955271e-01
6.469084156518958295e-01
-4.339858788256878430e-01
8.378556960646861285e-01
7.423692065507203619e-01
8.699522073744117012e-01
9.772517382133896202e-01
-6.752536809731335410e-02
1.041679791236977959e-01
5.523572273862729087e-01
8.533010025244693875e-01
-8.715923118793574842e-01
8.133884555605239708e-01
9.889368854202762460e-01
4.841563461109572586e-01
-8.233393833630484604e-01
-2.666201000891497142e-01
-1.850469383713729821e-01
-8.715124937901306268e-01
-9.388669793838253508e-01
5.431194585490879412e-01
8.296003038154424747e-01
-7.077984731517816819e-01
-5.879427317974783573e-01
-1.898460640357975127e-01
-1.211391674591970613e-01
5.386590896220682101e-01
7.705268753444156626e-01
5.868580399223950472e-01
9.822600038028246328e-01
8.905658615858835780e-01
-3.312473612526944944e-01
-9.240231408301293747e-01
-9.749147462577141265e-01
-1.856885268181587278e-01
-2.759914298390401255e-01
1.982106465564930087e-01
-3.530345832112149473e-01
