8.430733078960366278e-01
1.087283019295521846e-01
5.453904270944720523e-01
-9.807993372127632448e-01
-8.571359442290682473e-02
-8.796839654674091236e-01
8.315090129159368182e-01
-7.233041820905692365e-01
-4.499657660113915991e-01
9.785378990119786291e-01
5.546763231571760766e-01
-8.892795975063465530e-01
-8.989720275126406035e-02
8.593750986480652720e-01
1.779229382907667745e-01
6.326543535470283697e-01
-4.399994197897514336e-01
-9.221703860030683320e-01
7.589626835277005767e-01
9.258216886638666043e-01
8.445435691608236262e-01
-6.953091962694981643e-01
-9.199747096088241038e-01
5.608395109041925952e-01
9.038127400135906875e-01
-9.601606765879409089e-01
5.043616470079224090e-01
6.870128781530424611e-01
-4.086652648639581553e-01
-3.794642423490931504e-01
-6.050502446443539739e-02
-8.688880137714793950e-01
9.596191238842500804e-01
-6.487708630839368329e-01
-2.335100651246679870e-01
6.288515664271860928e-01
-1.662636192355315679e-01
-5.146657036429300724e-01
-6.383538337425933573e-01
-9.756451832026888926e-01
-8.836180403622044821e-01
2.338144810115813099e-01
2.171370530666092424e-01
-2.484975426796820486e-02
-4.021504631207832858e-01
-8.510185650986048511e-01
-5.660843160376405336e-01
-5.265684370176684226e-01
-8.025145221232530268e-01
3.700180943223245755e-01
4.046088925897448618e-01
1.937258116215970771e-01
-6.746280852046142584e-01
-5.340893806460593751e-01
4.322052242802023603e-01
-4.493375821586851337e-01
-5.980462752999891052e-01
9.666940944328803464e-01
-6.760907840676025349e-03
-2.370611185141708877e-01
-7.026839822208924558e-02
9.664288899538984179e-01
8.254220613770568704e-02
3.155199422782557495e-01
-9.854868671633180144e-01
-9.325870293273439415e-01
-6.864541027924040417e-01
4.045461509282501922e-01
9.366535734392094081e-01
-7.753512790538397148e-01
8.670915702577575157e-01
-3.273142915622621885e-02
-6.053872907557447114e-01
-6.046616425475241918e-01
-9.711239779430205221e-01
-2.162141285623637721e-01
-4.653292674090707681e-01
-4.983129275395576929e-01
2.780882668032145233e-01
-8.308505159856858224e-01
4.648533066059223895e-01
-3.684801592408069038e-01
3.552229911410237362e-01
-1.494962408182529678e-01
-2.138928925124239377e-02
7.312288368305623898e-01
-5.858875527438742736e-01
-6.413971792129808946e-01
3.964332905483221037e-01
-8.913072641735212409e-01
2.328356229297163793e-01
-1.341474413425514101e-01
9.368115586626548641e-01
-8.490132447549223471e-01
-9.346720311212373122e-01
-4.298602396032098483e-01
8.872862111936909990e-01
4.319084574505365204e-01
-7.467049115022619254e-01
9.855373668340929871e-01
5.386048784227213115e-01
-9.581190284482772324e-01
7.722817887466464359e-01
3.139987200419644964e-01
2.375034967284226362e-01
3.734594695237523077e-01
-4.993850345307868643e-01
6.163504421358803054e-01
8.854081509937823391e-01
-2.640584619803165722e-02
-9.752164330025014927e-02
-3.327503139726990522e-01
-4.564035750941026759e-01
-4.655044876918073005e-01
-2.598620430646294555e-01
-6.152876078298017415e-01
-4.102063630955934403e-01
-1.899786248465002991e-01
-4.871722885541882597e-01
2.280441370862689165e-01
2.930961263544031858e-01
7.757311716887715924e-02
-7.591526788179179253e-01
-8.458113387396171134e-02
-2.664783866187681038e-01
7.633472831504601874e-01
-7.265362932569336962e-01
8.029979278583503355e-01
-9.756564884104182989e-01
-9.467511996611838176e-01
-7.115297406821980974e-01
-4.061205766533344530e-01
-2.922610114463750630e-01
1.400002839037690627e-01
-7.204066352658893280e-01
-5.378180093802069628e-01
-3.192620733886990525e-01
1.124839524003100610e-01
6.459448091735895403e-01
-7.454623322759057480e-02
-5.736349518923138380e-01
3.276190887105479010e-01
-6.706381682272086753e-01
-8.872050588930509019e-01
9.714846610174032726e-01
5.354497217818582344e-01
5.811406484158638808e-01
1.638090177398732195e-02
8.887682490183411721e-01
-4.316309777646032408e-01
-3.886962632285388963e-01
8.515142228126486579e-01
2.362212378489081388e-01
-4.141825675401900053e-01
2.851718317990805662e-01
7.427803560841921282e-01
2.243261802004947736e-01
-5.075171991597270393e-01
2.013688716807182644e-02
-6.535892769177573669e-01
5.808782252074076169e-01
8.338605485648813431e-01
3.538303055537572739e-01
-2.243322794041933133e-01
7.781810161612729981e-01
4.003675410352600661e-01
3.047218152981390205e-02
-6.461302123198957581e-01
4.963895400644653400e-01
-7.747685712203944419e-01
-9.902636357838168202e-01
9.271725595634038308e-01
5.889325538219836176e-02
-7.011830135565833011e-01
-8.798843378300729157e-01
9.135388180218528831e-01
1.506869946580999819e-01
-5.142868286796253852e-01
6.812619985255963240e-01
-2.180870083032280249e-01
6.884384425581193678e-01
-6.059901405390533125e-01
9.226808486042574753e-01
7.024472380107731340e-01
-5.385928315777805953e-01
1.625370045950800257e-01
-7.829640115430543945e-01
2.316842326176697942e-01
-1.968349929205210902e-01
-2.532689055967427549e-01
-1.486705354207318308e-01
2.437892558398258025e-01
-1.169780377847216002e-01
-2.085496352909068651e-01
-5.802760136078657371e-01
1.617765163860136468e-01
-4.571909601790847266e-01
8.920454430551560954e-01
-3.413816966159235466e-01
8.249620849033334480e-02
-7.763249711985404922e-01
-3.724528788646064292e-02
-1.648833937797646865e-01
8.890459837042263835e-01
5.344419071993877779e-02
5.753493665268756274e-01
9.416132177206778531e-01
-4.023193589167239903e-01
-8.931019108932305439e-01
1.159969253713626358e-01
3.460620304724981722e-02
-4.434288109561881353e-01
2.877721480154525890e-01
8.534563827566654659e-02
-8.033919207231008386e-01
2.565018712558313485e-01
-2.860002691249483586e-01
4.163844478485365652e-01
6.605638043127117776e-01
-8.677574771842360146e-01
-6.891890256346996368e-01
-2.663990970941108039e-01
6.862595137976010840e-01
1.214792795410259973e-01
-1.135220965792491654e-01
-8.785535398236121729e-01
7.723230668257081710e-01
9.188660925469678276e-01
4.910324999671595858e-01
6.330197196978095686e-01
3.022319057724154323e-01
-6.577778635335727042e-01
3.032222717703567660e-01
-1.035993851208254629e-01
3.323202937035669713e-01
3.120954977128309604e-01
-5.897487207493530281e-01
5.537287210370223089e-02
-5.985161723481384755e-01
-6.472506136455802306e-02
-8.427913221014171619e-01
7.161636903764265760e-01
-5.142198388952130550e-01
4.609576988746035831e-01
4.957924868614878022e-01
8.848084960743469729e-01
-4.131657242761617166e-01
4.886883257070930853e-01
6.016422626407975649e-01
8.239370190109811531e-01
-5.632947593239352457e-01
-8.533584214541000135e-01
-1.943108479931068278e-01
5.595407052116916358e-01
8.512246123438707013e-01
9.790449394809541683e-01
-2.369984134541169851e-02
-5.118244698919260927e-02
4.603332422917905120e-02
9.641758391206607381e-01
9.644043555167809423e-01
4.664990537452282648e-01
8.440073437595052575e-02
-9.912259066905723115e-01
-2.750200100794841784e-01
