4.490965330253287036e-01
-2.975793396818193770e-02
4.713180351185095596e-01
2.092823117540996702e-01
8.116784559783900566e-01
2.202411040563501121e-01
-6.670220193148649335e-01
1.462815653264568638e-01
9.988240581597245260e-01
-4.509060822653832012e-02
2.330007964256148867e-01
-9.659216675052368917e-01
8.086943978033205305e-01
-8.562271926130753386e-01
-9.699102861901715000e-01
-2.855830535117345192e-01
-1.628613768875202261e-01
-8.892447726986496548e-01
-4.016263061391020517e-02
-2.018450715881064950e-01
-3.547738998535567845e-01
2.162358195236917524e-01
-7.419126358563917778e-01
-4.579967993609661003e-01
-9.904724368218130737e-01
9.722410676895949511e-01
1.823435812677010048e-01
5.528560743513477593e-02
9.720434144299670010e-01
2.205655459698829812e-01
-5.040513869734246644e-01
-4.935544445224187005e-01
7.153973884259132721e-01
-4.099727665378158914e-01
3.860000558775174007e-01
-6.810622532917283145e-01
2.968100292193698309e-02
1.065514376987547474e-01
3.581702564347855056e-01
5.756386756662696946e-01
-7.012831298831339044e-01
8.719064137030325679e-01
-7.854904104556712507e-01
-2.737799281778005023e-01
-7.239641537079497535e-01
-6.666801872834864362e-01
9.264288624353869128e-01
-3.821040298120430556e-01
5.293147844389547441e-01
6.537200995519301117e-01
-8.941320934973691070e-01
9.863499107204930505e-01
-6.958876568333728641e-02
-4.777313216412837349e-01
7.601798385519922818e-02
1.524159141729957145e-01
-2.769382221597688765e-01
5.570138363850931640e-01
-5.024310576072954504e-01
-3.609148899483123341e-01
5.639743171642819242e-01
4.488451974158935709e-01
9.466720287971908121e-01
5.968747957161029127e-01
-9.999933572886173794e-01
8.646104974241168861e-01
-8.035384663366493818e-01
1.233202844685874489e-01
-7.116932313086237194e-01
-9.401555495408536745e-01
2.753131684765950937e-01
8.311206023160555567e-01
8.676881020518003584e-01
6.418026372687639647e-01
-4.519421830395009554e-01
-1.227055619381927087e-01
7.753149659151634676e-01
-9.795288275022108193e-01
2.938313711679749751e-01
-4.927010722182889602e-02
-4.265824395982558137e-01
-7.860840203318484321e-01
6.153244886135449399e-01
-3.261379103831444359e-01
8.865613763438529027e-02
-1.688315250083065600e-01
-2.226434709592020056e-01
3.567699352941786639e-01
1.611686052344523112e-01
3.326981304985532351e-01
2.867020390564205545e-01
1.938580637695337394e-01
-5.498912032476872547e-01
-6.424328533052944268e-01
4.879075064252251792e-01
-9.789483997738051002e-01
-1.289274575447141857e-01
5.688528948684563602e-01
7.972488436846882909e-01
-7.411103604573003878e-01
-6.998766181142042075e-01
-5.808492407908631971e-01
-8.138652077221415482e-01
-9.120737604996653758e-02
-4.313589855899031544e-01
-1.806258860479228456e-01
-2.636078829954009439e-01
6.794848636663188834e-01
-1.260397129687716999e-01
7.319518948013334914e-01
3.992910578186403825e-03
-8.557459593083784899e-01
9.115706842372210961e-01
8.926815128342977523e-01
-9.659478888191876944e-01
4.974396808006977810e-01
-7.069709921567874922e-01
5.997325453142805518e-01
5.836420252910701212e-01
-6.362105440631085074e-01
6.966337868984620041e-01
-8.332194526169960369e-01
-2.478839999132099736e-01
8.933763421110481051e-01
9.747790515147126689e-01
-9.958308129477337900e-01
-3.835295705033276992e-01
9.300705948538658951e-01
-8.102727252405368397e-01
7.784774061725745486e-01
-1.319541630821103873e-01
2.270300087855244286e-01
9.990276975497195400e-01
9.336634583996381576e-01
3.568697370184950035e-01
6.951704532578378837e-02
4.612127952628888305e-01
-4.576504732134338838e-01
-8.344037811647622149e-01
8.516766811180860319e-01
-9.557524095396829900e-01
4.644957929397606211e-01
4.133450455478733798e-01
2.000525264004235915e-01
7.171153700361720951e-02
-4.430999227941507801e-01
7.203319404111971913e-01
-9.531914125176736974e-01
-9.279595486325968867e-01
4.757173778009193832e-01
-3.738117366750126624e-02
9.963257247095727021e-01
-6.779690687730288712e-01
-3.536495760564128954e-01
9.541258269713279727e-01
3.222629297514549851e-01
2.056387999036102254e-02
-8.460747329155270391e-01
-9.653824957065941792e-01
-3.863137368399758298e-01
6.364205437315746394e-01
-5.395423728311730116e-01
-9.248816858789935536e-01
-5.061953141542486767e-01
-1.134262560994971913e-01
7.924439227975645927e-01
-1.949910704355483082e-01
3.078821125851085583e-01
-8.281118613451776689e-01
4.641914866687933960e-01
-2.673014716658421719e-01
7.937534709929724430e-01
-8.175194360456978782e-01
9.458235086832960103e-01
-8.913433290760515160e-01
-2.497137917151921460e-01
-1.925320482385808329e-01
-5.880893589790110454e-01
9.856984080497954714e-01
-7.440502995184812285e-01
-6.921562183322529371e-01
-6.089705908800386869e-01
3.900486787241792541e-01
4.865490336621326461e-01
-1.324079701224833983e-01
-5.600800726724932677e-01
7.362561480048317453e-01
9.980331523797284499e-01
-4.972540181917699531e-01
-1.320652693889083074e-01
6.485572662285916667e-01
9.217014824597971057e-01
-7.839068856452144907e-01
-6.235369564595406588e-01
4.309994871634081903e-03
8.040573319111428141e-01
-9.490700960541984532e-01
9.888995706012879694e-01
-9.570514715918403414e-01
-5.876885234666131552e-01
2.300004763314187350e-01
2.557168362636053072e-02
6.145767580056638035e-02
9.721511610873099229e-01
3.690134393010895408e-01
-3.645258476148589555e-01
-4.555367292991205352e-01
9.735428341669498664e-01
-3.971722059682578632e-01
9.795825329559115779e-01
-9.574139738081943740e-01
-9.534517393761132720e-01
9.098256564742721597e-01
-5.127245527218409205e-01
-9.605466261152773022e-03
8.383981710209198468e-01
-1.248173721306304329e-01
8.232667792195274004e-01
-5.730028342044244383e-01
8.974293508236628192e-01
-5.388700375801334097e-01
-4.510982746025244960e-01
7.589362206028638091e-01
-3.268647267653934652e-01
-5.919049972950740646e-02
7.535285504243358634e-01
-7.273858828287256273e-01
6.580900508407983018e-02
9.091399471641058438e-01
-1.724079975372543316e-01
-1.191463467091296025e-01
9.716821057679296825e-01
-5.557160859959304755e-01
8.799494525862234795e-01
2.539088592451199666e-02
-4.666766625820233383e-01
-9.875415120074351183e-01
8.185151149977487606e-02
8.110677302191212634e-01
8.799422049965892612e-01
-4.367389153022818160e-01
-2.451274830591321230e-01
9.407832158898949970e-01
-1.841724712768897376e-01
3.666746663854647537e-02
-1.653407354329515244e-01
-6.839872445953934510e-02
1.127785482018792695e-01
-4.150452205164163466e-01
-3.410991505407501290e-01
-2.409827945752032186e-01
4.085494191873164649e-01
9.746500584948787349e-01
8.135573837136329534e-01
-4.484825920308086467e-01
9.015128506896896710e-01
-4.706142602932195107e-02
-3.288806976729760079e-01
9.857978631470827313e-01
-2.231410552057311314e-02
2.873237668519290633e-01
9.798301619208651392e-01
-7.729732099594561756e-01
4.004335930357308393e-01
2.663498005964315407e-01
