-3.896486258634754840e-01
4.166407617261043139e-01
2.165854439955623434e-01
9.149588297478568055e-01
-8.902546323822257968e-02
1.587750492955899428e-01
8.459133132736549321e-01
3.332018373479062046e-01
-3.121816378305752870e-01
1.289792457553879945e-01
7.610728761834278933e-02
9.890646756542187390e-01
5.892494481434289444e-01
9.646156830279266625e-01
3.741789836866216135e-02
-7.163449175797111934e-01
-4.930149757915580633e-01
7.922958086961522373e-01
-9.925334366039999523e-01
9.867335297951048689e-01
-3.836129830611481051e-01
-8.846591657994868907e-01
1.070083462320441381e-01
-4.752255407486791761e-01
-1.894979000711365935e-01
-7.589162038954238021e-01
-7.256943430153888208e-01
3.840444153923543436e-01
-4.990509826131295235e-02
-3.110157815480270038e-01
3.820948660189448232e-01
-5.788447603727282509e-01
6.464221833158914077e-01
-8.110246599425335878e-01
-8.150217228645924017e-01
2.015143324401937885e-01
1.636342141051014831e-01
5.493321232646046770e-01
4.560652254359662816e-01
9.799148257385923433e-01
3.283807685757074157e-01
-5.680720127170508782e-01
-4.499200858019678506e-01
-4.022593813006269947e-02
9.241278312689513719e-01
1.442394445244210011e-01
3.976443742244103463e-01
7.707960875704076287e-01
-1.985921264098724770e-01
6.337340853056736556e-01
-4.310485859958756993e-01
1.471756606499772246e-01
-7.418084261469675145e-01
-5.814529487427595456e-01
-4.344613601604550013e-01
-9.763578801455753409e-01
2.375871005230714150e-01
9.969399766515332217e-01
-4.537580051256893121e-01
-7.489225702751698410e-01
1.236003241522589668e-01
-9.175896493164341639e-01
8.717162826105557816e-01
-3.460148022990041650e-01
9.208947801261375687e-01
5.568402353683026274e-01
-4.852520388216599589e-01
-4.915445636627386872e-01
3.824364018320933756e-01
-8.451814072376204745e-01
8.734742674783246841e-01
-7.262396908069586043e-01
-9.929370250550311194e-01
3.936224097018912182e-01
7.336083799710344522e-01
-6.571559657749329597e-01
-1.928514230455861678e-01
8.100257150513703319e-01
4.495276216347877662e-01
-5.988014302018465074e-01
4.009919097649521369e-01
8.850920618482926994e-01
-1.816053943911819513e-01
6.750332088475397008e-01
1.291168043879340477e-01
2.308550855099538168e-01
6.215737150860323190e-02
5.253876731657596277e-01
2.790123728465601083e-01
7.781516435147028954e-01
-3.474935212438583498e-01
-9.521735379358169382e-01
7.462225018310153501e-01
-4.792168981351889734e-01
-2.757790680161098518e-01
-9.640776346746703362e-01
7.648884692655679718e-01
9.959880049098861488e-01
-9.591175609294706472e-01
7.722786560859216110e-01
-8.141742452211320202e-01
-9.048916362975887306e-01
6.644245866047915339e-01
-9.783438459362560069e-01
-5.499184772858034531e-01
8.613239083543395846e-01
1.147659839762835698e-01
-6.730702364885128297e-01
-8.520133252282737768e-01
-4.999476630654431375e-02
-6.234408956539314595e-01
2.049904673683955458e-01
1.502871477746678952e-01
8.420308649593578609e-01
-7.898044448448245936e-01
1.609319821296323894e-01
-6.891844327845664253e-01
9.763223092785211499e-02
4.534071586024994716e-01
-2.350971072048018140e-01
3.233926546473262498e-01
-8.445873372741898866e-01
1.478882302194289844e-02
-2.535866114485842981e-01
-8.244706098547641693e-01
7.736230835713797660e-01
1.046774050571057657e-01
-7.117965986887184737e-01
2.409681880565206491e-02
-9.765829187634185171e-01
8.900504785437293176e-01
6.648435167465587270e-01
-6.996043205525290798e-01
-6.512689171902026342e-01
8.264986926435293757e-01
-5.162017654910948661e-01
-6.164146676796733448e-01
-8.992279349553211620e-01
-5.092314714409932330e-01
-7.077691645363259898e-01
4.508172141735391492e-01
-6.228647932224702366e-01
1.555077063636323143e-01
-4.537098739951017645e-01
8.108162771502780419e-01
6.980876881549955559e-01
-8.853014252416075980e-01
-8.118291850849588265e-01
-3.883408672814177010e-01
4.081105333907875110e-01
-9.230267020715549053e-01
8.377026818605550762e-01
-9.785519161010166611e-01
-6.324826016282902863e-01
-1.078488843285398957e-01
7.982446713003051864e-01
1.743236489179038617e-01
-1.858712666328738994e-01
5.782537214967715666e-01
-9.531424638496946988e-01
-2.715228393892910042e-02
-2.083656823373931655e-01
-2.745330181632150701e-01
-4.129354512021512491e-01
5.046512468656210171e-01
-2.368726118930348790e-01
-5.668157129820168283e-01
9.800737377790758043e-01
-2.555118125077837643e-01
9.953011394314550397e-01
8.384132424824681795e-01
5.998730015966906581e-01
-9.842870681476747485e-01
7.549061330739375020e-01
-2.840724283269009387e-01
5.133375417183685396e-01
-3.868709185233332182e-01
-7.929070489401172095e-01
-1.094597345862227122e-01
2.114428008544302351e-01
9.660634186205094842e-01
4.412569330306537196e-01
-1.791459444032619253e-01
-2.169028276688440560e-01
-3.648618431457606448e-02
1.204820154636156437e-01
3.175112867602846722e-01
-3.282167842875259312e-01
-4.272331347152311665e-01
-8.508529082184079773e-01
-2.881068950067553480e-01
-8.931298126692377437e-02
9.455399947524509852e-01
6.939797635765696526e-01
1.010191610680843954e-02
3.749976634646567941e-01
1.208733951648669480e-01
-6.561602096154186547e-01
-4.576915316306296444e-01
-5.210736933030957196e-02
9.933031856638965262e-01
9.072650573300526933e-01
7.710880966981779050e-01
-5.837444147543708883e-01
3.467452832809578833e-01
-9.877565499840050833e-01
7.488983523898982142e-01
3.033543119067509952e-01
6.824715951411579606e-01
-3.657941207286319329e-01
-6.228746992387748094e-01
-4.304914976287297357e-01
-6.861426763419666841e-01
7.247120850782258206e-01
-4.423723669580417184e-01
-9.352258711953864712e-01
6.107342611837445201e-01
9.651913972381837015e-01
-1.075629021006418995e-01
7.875331582264963881e-01
5.346186674551414164e-01
3.535201170400049109e-01
8.446783420029078115e-01
9.847012916205702959e-01
-1.189732444530220423e-01
-3.573044761700838734e-02
8.963265868911962642e-02
6.505223375660447171e-01
-7.744991838111521254e-01
-2.849790607883664340e-01
6.741816278415833086e-01
4.950522627665749908e-01
8.755584731819664457e-01
-3.653044459443698933e-01
-1.491813689220131967e-01
4.475510663336912387e-02
-1.907026868388752572e-01
-6.247638744892534124e-01
-7.071040122666736316e-01
-1.897157581264430348e-02
-5.197521453680353787e-01
-3.262211179041270004e-01
9.360177328301375610e-01
5.272408098072851601e-01
3.860095008224552204e-01
4.270456318442499288e-01
-3.569427640803177759e-01
9.831385024143782791e-01
8.597873397557690422e-01
-7.807768211812724513e-01
4.353694852858585040e-01
-7.462624387791394476e-02
1.595809146635485121e-03
7.184984873976518749e-01
-3.893901304704381339e-01
-5.835474962749342964e-01
-3.854851187189551887e-01
6.370384813591403184e-01
7.696922952474769541e-01
9.973123739586525760e-01
2.611931883483826766e-01
7.296112823391975866e-02
2.212755223319540221e-01
-3.851159356377897858e-02
6.177637800304229820e-01
