-5.652375720171605167e-01
-4.116833460188999982e-01
-3.906394170264809729e-01
-2.841149232985684669e-01
-4.954313778872190266e-01
6.969449585577729422e-01
5.463052885085686317e-01
5.608618956254407539e-01
-7.473362943118919688e-01
6.519467956065927439e-02
6.316709590096913907e-01
-9.129935338985699644e-01
-6.453505103550929434e-01
8.187189086918242875e-01
-4.127120183455468272e-02
-4.275127071871676065e-01
6.189905508734048212e-01
-1.082042041640487451e-01
-4.177712472851347059e-02
-1.535445528687648942e-01
8.671532765016219946e-01
9.946766738300893973e-01
-1.132362250206417897e-01
-9.264104290485473125e-01
-5.509723643085782108e-01
9.446547539754268641e-02
8.475400959774217480e-01
6.559701006237655951e-01
2.296056009954559052e-01
4.953461130792018441e-01
-9.513068640266042486e-01
-1.533349252109474925e-01
-1.386860593196530544e-01
-4.684234936294926488e-01
-7.249541741023888264e-01
-6.483517729262072704e-01
-8.181275817307979148e-01
3.030810094003251187e-01
3.019259406008252267e-01
5.917052571342260592e-01
2.324677758066380218e-01
2.985604725499613199e-01
-6.419858619912459652e-01
-4.931810564976835121e-01
-7.473425956010202320e-01
8.537092886063710750e-01
1.423307388392847095e-01
-5.942437041514398999e-01
9.345665563910015017e-01
6.842895830821403846e-01
-8.821905206047229164e-01
1.507170734329101869e-01
4.870472389681571035e-01
8.290317939686093762e-01
6.335810204557035252e-01
7.060480529031305519e-01
1.898946777835264221e-01
5.892296536547705355e-01
-9.992934149000425315e-01
3.490155204633738073e-02
-5.451315706166426356e-01
-7.620528772073567048e-01
5.727885646790055185e-01
2.120537448117381096e-01
-6.749434113714688488e-01
-2.364865046153696859e-02
-5.273717535253308331e-01
3.423749219909806296e-01
-4.073541652548342551e-01
5.632428810627128080e-01
4.457510783829310430e-01
9.010680310205989585e-01
7.527339273589015445e-01
7.992018102174247574e-01
-8.705808592820176717e-01
-2.588067959788831196e-02
-6.265462910801036234e-01
8.391702971129166855e-02
8.515706105204785548e-01
9.516177094667330749e-01
-1.019627616598426378e-01
-1.983508374943734331e-01
-4.673498790610699505e-01
-9.960754381657630496e-01
5.765353724499916455e-01
7.762489225349635813e-01
-3.479290656953166749e-01
4.018833333191058621e-01
-7.484206096796355290e-01
6.708289599445540485e-01
-9.065725874225539771e-01
7.880401630098088361e-01
6.601399287961158269e-01
-9.130569985113318188e-01
3.082812324170338125e-01
-4.812068340599366945e-01
8.682559596126453449e-01
1.589977103736210928e-01
-5.632891369241201929e-01
-9.646442529178156366e-01
7.902684808463782407e-01
-2.161992010649942397e-01
-6.036179573001583254e-01
-6.034358779776587411e-01
-4.079237832378772577e-01
8.633243063652686899e-01
-4.999000574827292542e-01
7.494016123492823755e-01
-5.169512467387069599e-01
2.560417400245995623e-02
4.819168107971456561e-01
-9.551959860730951934e-01
2.880932533273032892e-01
4.164210140980599828e-01
-4.416891166377068245e-01
9.282451360582442135e-01
3.174612745136434766e-02
6.777161582445661026e-01
7.222473399984354892e-01
-5.578621060276089949e-01
-3.526146373878051854e-01
-3.538657738072243930e-01
2.302832462563464411e-02
2.702179436974527782e-02
4.015191494501047509e-01
-6.161575735892461658e-01
9.087737614235487094e-01
-9.707255491465043296e-01
9.635596591258253074e-01
2.310175556481621761e-01
2.068773651358470911e-01
3.579620550070776730e-01
7.394858869146943015e-01
-7.696156667702136467e-02
6.638796766326230392e-01
-4.550634682364431693e-01
-5.697764002890479684e-01
-4.641536416433542644e-01
1.177632618318176227e-01
-7.851711706649444622e-02
4.315540244685058258e-01
-4.431169174810907219e-01
-8.429243824619394587e-01
-5.393348653927865222e-01
4.574683300820221454e-01
-6.017791532045981828e-01
-5.033165790642633031e-01
6.470687221285675861e-01
-4.626873088566654246e-01
-5.171165298709268221e-02
-4.558361323292237088e-02
-8.372340634394181969e-02
6.284078179758514349e-01
-3.992787452964583483e-01
-9.894060059388039008e-01
-5.100041105683855713e-01
-7.805732432666877552e-01
-4.167586056231649128e-01
9.338247223884776904e-01
1.553044226187605403e-01
6.824027505663858850e-01
-9.851793874767418302e-01
-2.547460811526754965e-01
2.051214035176518458e-01
-7.411682366782224030e-02
9.165521846584936960e-02
-1.224235990855329081e-01
-6.122507699144041915e-01
-4.803063124922812843e-01
4.331454816172637390e-01
5.084213780709812003e-02
8.628862842392028831e-01
-7.351559094881625622e-01
-6.367768133317943668e-01
3.750902477099993249e-01
7.302644826012605339e-02
-8.720920983692925788e-03
-5.763527581308011127e-01
-4.646769196843558714e-02
-5.056938683389520239e-01
2.203961990099458923e-01
2.654868622408774748e-01
-9.073590983643269325e-01
1.937782480653233996e-01
7.503651858838167321e-02
8.477007585880023122e-01
4.003945616007265618e-01
-1.629655557318541170e-01
-2.271783642715234919e-01
-8.209935125472811457e-02
-4.432196474111937956e-01
-9.797411697128378671e-01
4.644725116551993160e-01
-5.197293434778780252e-01
3.151231514545740353e-01
2.153410574214100759e-01
6.368982624698205086e-03
7.324402131054041920e-02
6.996906250750936085e-01
-7.881039047102196271e-01
-7.731615045653934537e-01
-1.574213098494463559e-01
-4.788930222473741782e-01
3.302192057327344443e-01
-2.633530781322845904e-01
-5.081792099142852237e-01
-2.898618599255065043e-01
8.010533478284167508e-01
2.248901926600079815e-01
8.760024357299798226e-01
-1.149750512358449495e-01
5.618501946145326720e-01
-8.944849787779738381e-01
6.209907616330907487e-01
4.881127647951508663e-01
4.431237127386162822e-01
-6.070844043187384464e-02
9.693689576359383331e-01
5.567984471067863872e-01
-3.767943502642396858e-01
-1.668317786229535638e-01
7.356774446863243444e-01
8.028848108267720995e-01
9.528510492781963048e-01
-5.088114997897306147e-01
5.883168466785653195e-01
4.007122417114588053e-01
3.188026868053439600e-02
8.666144450485097073e-01
-8.079066988708802910e-01
-2.405080432543260649e-01
-6.999558437191044646e-01
4.117941174987782560e-01
-3.686940637941363841e-01
-3.276301712806685140e-01
-9.942563840268008324e-01
-4.074298537897680372e-01
-2.374790712109133284e-01
2.325212813694128577e-01
-2.194652637239067339e-01
4.849377843714619551e-01
-5.528209330882967176e-01
2.956321990928099108e-01
8.081613983648980870e-01
-6.098029408825174080e-01
2.250369319751324149e-01
5.271083593839651638e-01
9.356997784040983479e-01
-6.997557705651897830e-01
-2.657589392408066242e-01
-8.577251086168404814e-01
-6.665072816022978852e-01
4.095491067706726884e-01
-9.544045913832389649e-01
-1.479625720038868497e-01
-7.629778287915276458e-01
2.639800809639823442e-01
2.663223551812443635e-01
5.156902872552926453e-02
5.251343755690209836e-01
-2.498300242840258978e-01
-5.198825573786560739e-01
-2.199884699821388345e-01
3.828134371333544728e-01
4.178609704277034265e-01
