-2.806929868882126478e-01
-8.966015359998327217e-01
9.855922703421897690e-01
2.694783136669727241e-01
4.601606987403685789e-01
-6.024021719591876600e-01
9.535175491763063782e-01
-6.740682140077192130e-02
4.576371008600250700e-01
9.074847463745110421e-01
-4.326349657673522753e-01
1.477954927389764084e-01
5.133819462376638665e-01
-8.379016749707808298e-01
-7.859619144334395457e-01
4.000892139324703223e-01
-5.404835657699664786e-01
-7.835454744558516538e-01
8.324638149851943947e-01
5.665892930704115038e-01
4.548386278667047034e-01
-1.753227061068294290e-01
-9.186306545409306246e-02
-7.616243311520662918e-01
3.605331502377318031e-02
-1.944221151209790666e-01
5.463344598015078546e-01
-3.412939712501354972e-01
-8.983503431495147851e-01
2.060711998595390337e-01
-1.545718037390360067e-01
4.123453652080801835e-01
-6.832822119038919340e-01
-6.471114271637663506e-01
3.758527378486793413e-01
-2.768742795621743635e-01
3.963674210722276658e-01
6.019553414354643639e-01
-9.219424497541386376e-01
1.696886903636076749e-01
1.905963984161629377e-02
-7.000718840400137477e-01
8.614556570742852859e-01
7.246857414266105746e-01
-3.666470339525385036e-01
-8.597345628188950428e-01
6.898867768869323402e-01
-6.382891785556419340e-01
4.274229569642991056e-01
8.452600795084705965e-01
7.056073502007302878e-01
4.151919605792220302e-02
3.762157666466312556e-01
-2.021542956378474809e-01
3.265229713204080841e-01
5.273682524959355522e-01
3.722397624736248911e-01
-8.832294925869017543e-01
8.440481274587761096e-01
8.400528921501162483e-01
9.285654788991828390e-01
-2.233855221379730249e-01
1.668494584614719223e-01
-9.698013354716743528e-01
-9.834751444989966451e-01
4.861427923718677491e-01
-3.406942639307772858e-01
5.272164413423841012e-02
5.955981855152714388e-01
8.088634345200167441e-01
9.725961146209960440e-02
1.445498712691528631e-01
-4.846333176313089020e-02
3.913374898210446595e-01
-6.045680833269004850e-01
7.674120843459295571e-01
-8.559483316317402224e-01
-6.300837424449960977e-01
2.951142530627108851e-01
-7.747872415828582771e-01
-7.338943823800994082e-01
1.097633475399408809e-01
4.803698044599726824e-01
7.305541946158133904e-01
-9.201881065245487434e-02
9.163788072643601623e-01
2.482978545187086716e-02
9.226952372014705084e-01
-1.372987319009864038e-01
3.352890058866317968e-01
-2.443830297866864676e-01
8.972683086304489297e-01
-6.502045278706036768e-02
-1.232784670481588130e-01
-1.590124509836683409e-01
1.672878181928905139e-01
-9.902164630362437769e-01
-8.466489615952010883e-01
-7.006195281560885224e-01
8.535170635336708500e-01
2.426978258559289170e-01
4.546469203513245905e-01
7.899566409654741328e-01
7.786952922387957443e-02
5.605875578534069703e-01
-4.903688296096775368e-01
-7.315745783589360229e-01
-4.844224105670846825e-02
-2.134555254676662184e-01
1.548406059870541807e-01
-4.980615936999039928e-01
-4.308321772185343956e-01
4.258449055300439490e-01
8.056468733008588234e-01
5.890939785702173914e-01
-5.612325312053332294e-01
6.117645071114063970e-01
7.763600286358320890e-01
-5.404045802199428650e-01
9.669615504681472462e-01
5.060283354836385694e-01
-3.053618066653545071e-01
3.845305498032449698e-01
-3.467950237880890185e-02
-4.211318955266174502e-01
3.550170317883731830e-01
6.286557837658928172e-01
3.777400580357412885e-01
-5.411071087637604471e-01
6.356188651534468992e-01
6.056280644648783795e-01
6.207882563079112348e-01
-2.305803031329267672e-01
-2.264854948890497877e-01
1.849969577836145795e-01
-8.512859687573490763e-01
-4.746347180720866810e-02
-2.922420669366545543e-01
-2.249744222222582746e-01
-4.678726035657509996e-01
6.363848341413689269e-01
7.666210691845907199e-01
-7.831769981168879013e-02
-2.749326952501953691e-01
-3.933944332381802411e-01
-8.899505371063165526e-02
2.068557138472202350e-01
-7.279612163378674783e-01
-2.093277357495895163e-01
-1.247497661838876670e-01
8.251585404039118998e-01
8.547433413447731443e-01
7.750675171715999401e-01
-1.128834259713196175e-02
2.567807651025195703e-01
-4.063368169879799652e-02
5.686551899753078398e-01
-9.824248685113845525e-01
5.273019140198549337e-01
-1.957393628968895349e-01
-6.308136478608763476e-01
1.824189032562393287e-01
5.065408064195318083e-01
-8.415706793727206758e-01
6.077050162136072853e-01
-7.253526083969168425e-01
-1.560330455343725831e-01
-1.997489210143037486e-01
5.372474310256492025e-01
-4.101319290731828549e-01
8.714749136993193979e-02
-8.096280302351854807e-01
-2.711549906426082845e-01
-8.582696671028533508e-02
5.023668009682455970e-01
5.323635055091977542e-01
-7.292498407022480755e-01
-8.687850143008579717e-01
-3.265675910913821145e-01
-6.500949361947645500e-01
3.032299694352673658e-01
7.922964126501594873e-01
-7.765504986134965648e-01
1.803073235420040721e-01
-2.263308215182688876e-01
-3.789194007645337869e-01
-6.196674187508044440e-01
-6.640792446692638240e-01
-1.613904868003590565e-01
6.322619188339133611e-01
-5.530276860876512934e-01
-3.533358486375344221e-01
7.143475474889777743e-01
-4.447255283170046258e-01
-4.986810647690864684e-01
-1.858613788405014677e-01
1.800259737767928581e-01
1.067453909009197233e-03
9.267648018255363329e-01
-8.345717989303360618e-01
-3.284120066802700411e-01
-7.300407380775153499e-01
6.137707127701079735e-01
-5.315669471185047179e-01
-3.738886444353468619e-01
-7.323010794290620851e-01
1.249499705173233721e-01
8.712875921176705951e-01
8.256094125647961413e-01
-6.678071069233233459e-01
-7.227480414707643241e-02
-1.932422303356629012e-01
2.328062045629117893e-01
6.154615897325617091e-01
8.037289044885493894e-01
-5.218007413456458021e-01
8.045923330601090218e-01
3.702288365315362650e-01
-2.748367307499526291e-01
-6.417573416488386862e-02
-6.048831609284690547e-01
7.185908638274800531e-01
5.419336511181296334e-01
-4.478721510152301466e-01
-6.087928086707392605e-01
7.679029927548952639e-01
-8.947589257721326739e-01
-9.986937146751242445e-01
6.104946049781103667e-01
-6.223242729739819623e-02
7.308581479911866463e-01
-9.127785952388878243e-02
-9.088934502914205460e-01
-7.592305075727903141e-01
-3.770999440238014255e-01
1.143519996817059514e-01
-4.737992733650431276e-01
-7.405558476190243766e-02
-7.183045997380919090e-01
-5.761471513705223035e-01
9.135936838907010582e-03
2.234683878617986785e-01
-2.964113603213145431e-01
8.682252499629981024e-01
6.060284900040466827e-01
-8.845007565961009455e-01
-1.199938530985855678e-01
3.039068156926707509e-01
-8.090188382783483068e-01
1.873150629022319880e-01
-5.315298889433885954e-01
-8.638607919401495305e-01
1.338188459063625046e-01
6.230931536581518770e-02
7.974565160999178559e-01
-3.460985571313432985e-01
5.950238482372829374e-01
-2.641585551532319442e-01
4.894321829362329179e-01
4.748212074773960900e-01
3.856329145753472076e-01
-1.645138333115825358e-01
4.010913377194180729e-01
3.172443949921293083e-01
-8.923188249687807883e-02
-6.979387812062753937e-01
3.155425050597527870e-01
-7.233575830431924203e-01
-5.914273604548780927e-01
-2.765390687875228237e-01
-3.955397613018194480e-01
8.037644566092416731e-02
-1.031008761704126364e-01
-7.556628901415218813e-01
-1.456792603140950604e-01
-4.015013760374432916e-01
9.199994443460404181e-01
-8.887430431337768333e-01
-9.405226667753718850e-01
2.616921585792965077e-01
-9.959129154350471191e-01
-5.353255179715703527e-01
-6.994528619173918660e-01
6.822566706009203230e-01
4.191981137202605012e-01
4.126278932835112379e-01
-1.589190061111356300e-03
-3.710132844254350193e-01
9.316457599785138433e-01
-7.141128094529700654e-01
-1.114909223867921462e-01
-2.622812990696037350e-01
5.059882015416388157e-01
-2.078579638569467702e-01
6.391707740290037965e-01
-2.200864166407945355e-01
6.893220515884858068e-01
-6.833913558680639877e-01
3.615391890106665063e-01
-8.238656964802363314e-01
-8.862103703020696166e-02
-2.714741186987168486e-01
5.664731885546028245e-01
-1.657237482659716377e-01
-8.209428111823479091e-01
3.776070880277522246e-01
8.732313426883213658e-01
-6.288599484253041272e-01
2.049258638530686571e-01
7.160037164872656845e-02
-9.918457313362732952e-01
2.512737768412514061e-01
2.805285099404586369e-01
-6.211372827364408655e-01
-8.866577215947777368e-01
-4.610101437478131281e-01
3.812998599876792905e-01
5.704829914693156090e-02
-7.889674209631647450e-01
-6.721746370311444396e-01
7.911353386090202999e-01
6.629941715638432154e-01
-5.773142359063563323e-01
1.510294288769093995e-01
-5.367910046506354504e-01
-6.152200887697665266e-01
-9.845979201110605095e-01
-3.094991693643955877e-02
-7.832109492475174406e-01
-3.639097677755304822e-02
1.279536182858809212e-01
-8.892255115487746053e-01
3.843201767971797800e-01
-4.562127855543309796e-01
-6.900015485989812181e-01
8.071235460393964001e-01
9.317997460086845374e-01
3.127417643405672187e-02
8.644265718671488852e-01
-9.331865413354953898e-01
1.131038541322875179e-01
3.135144152588398292e-01
-4.726804130952313443e-01
-5.928031391805850259e-01
-8.962861260740541125e-01
9.641483458963717723e-01
1.401391305191571623e-01
4.131588256981320040e-01
1.551023364964557172e-01
6.150966652769891407e-01
5.953491785363781430e-01
4.004712732442133882e-01
6.868860105260443660e-03
9.765969423872475907e-01
2.826591886786919972e-01
-6.942470780177651957e-01
2.068336152155215713e-01
3.723369935861831070e-01
6.695407823294341476e-01
5.434374494350281415e-01
-6.237358686769074456e-01
6.149798758265934140e-01
-4.272694143911193176e-01
-8.498341220913998573e-01
3.491873745563306985e-01
7.463955365204986148e-01
3.599668541844223135e-01
-6.779041775425167504e-01
-7.047134611536784998e-01
6.459420952580379183e-01
-2.642161560291134137e-01
6.369718357162650335e-01
-5.452354713141582820e-02
-8.512112521749664040e-01
2.071024022887154037e-01
7.716465433432990739e-01
4.220059249465906159e-01
8.505125741507849613e-01
6.553164293641692284e-01
-1.354854041996322589e-01
-5.311329781681206619e-01
-1.493974482001791948e-02
-2.100746005853901810e-01
6.507231513774943688e-01
-1.332620115312626030e-01
2.146090254823555254e-01
6.801084740090649339e-01
-6.548545321408762998e-01
-2.295378647145287498e-01
4.400597309422684678e-01
-3.225425945331306110e-02
9.652143851425301069e-01
-9.675742339751600696e-01
9.452474695815218375e-01
9.090968613533846332e-01
1.025382849981612554e-01
5.260966514907764457e-01
-4.987539874129254258e-01
-9.881683504513830707e-01
3.001841447024717890e-01
-5.379779703475460195e-01
-8.037578501256898988e-01
5.024846497819526192e-01
-8.529056437639099819e-01
-2.492077343582390636e-01
2.980156952167158924e-01
4.700784073292962884e-01
-4.102801277535761404e-01
1.560035366735459395e-01
-7.671790865021952399e-01
3.438366013335183435e-01
1.868265600188070419e-01
-2.531559491744470591e-01
-7.874814219829939788e-02
4.166817445052928282e-01
1.745551119249927341e-01
2.611178523994319156e-01
-8.591667833723696246e-01
-8.538959807115983347e-01
-8.302622525469127712e-01
-9.831380831265168485e-01
8.661931523544875722e-01
7.530657346334057589e-01
4.783177241079172859e-02
3.694573664734956964e-01
1.645782253895256564e-01
7.340750277649923383e-01
-3.993789378578620486e-01
4.679892101523666081e-01
5.933472010020210963e-01
8.545321816790796277e-02
-4.706397081033291130e-01
-4.944033547601667244e-01
5.253561416974881215e-01
-9.450451589924603324e-01
-3.774721076902320949e-01
6.836369118725180716e-01
-6.635592987077916227e-01
7.403532709311337889e-01
-4.748599765675259876e-01
8.482253828856141098e-01
-5.543877694905905429e-01
-1.981752047284202067e-01
-3.769064772739854075e-01
8.033515413779156455e-01
-7.079354235718993138e-01
-5.942785541017598927e-01
-2.908902134538886575e-01
-6.156886352202795010e-01
3.359820068634622459e-01
1.496010874155548898e-01
5.247758943815292731e-01
4.993382741340737785e-01
8.463496126119599561e-01
7.613396975587192195e-01
1.701397518896400340e-01
8.439263212420171634e-01
2.179745025568057687e-02
-9.962335691288315420e-01
-8.172776186055059622e-01
8.781321751539842291e-01
7.629301432049614418e-01
5.139290600203281212e-01
6.907555169634924663e-01
-1.974244423436319895e-01
-8.655963233929071521e-01
-2.544603672145863693e-01
-2.707070429509965577e-03
-7.569009075996369074e-01
7.995188619769695304e-01
7.522725002186284593e-01
2.823677295981230628e-02
8.841393303233056056e-01
1.028873787239137361e-01
9.144063736303449375e-01
-9.912940992908461091e-01
-4.979483376220705804e-01
-2.691461999959645635e-01
6.813440359220492848e-01
-9.376235702247562864e-01
-3.813017471964624122e-02
1.882682664443096066e-01
-3.444737764746179653e-01
-6.874414679741644996e-01
9.367102270763778549e-01
-9.982701428862661430e-02
-4.684856229694922547e-01
4.239248941820137340e-01
4.593694201372156005e-01
-4.542231549986301964e-01
9.932070264169394758e-01
-2.177314895468018818e-02
-5.098375379435590715e-02
2.490284899306742794e-01
4.349303256999139666e-01
-7.629195685206244804e-01
-5.521067123337604077e-01
3.384313202633277839e-01
-8.773306600631072261e-01
-4.969188805599269454e-01
4.764705156411186415e-02
1.395949760169434839e-03
7.534536189545018026e-01
5.017357108626991913e-01
3.534133779552914856e-01
-1.298335660714613482e-01
-5.462578018055295193e-01
4.369073340144800088e-01
9.926729144871511146e-01
2.956959853528426940e-01
-8.690291657891971999e-01
9.512692695526971942e-01
7.870778575811541167e-01
1.419069822190248686e-01
-1.770588040934470975e-01
7.618450970220789209e-01
-2.461521406224407293e-01
7.141206827815695934e-01
7.196934469115693345e-01
5.082195019765030075e-01
-9.997631142764979995e-01
6.235765479613968321e-01
5.861973660135453290e-01
-9.607387877891084838e-01
8.329336060089682636e-01
-2.933654543289587746e-01
1.138526505335057948e-02
5.660614208623142574e-01
4.570072479511275709e-01
3.983517824544815511e-01
1.390570553886418814e-01
2.529474300065097658e-01
-8.497584046019907023e-01
-2.682657981165276206e-01
3.749360912429460235e-01
-1.549956776332961361e-03
-2.175387753300841442e-01
-1.789096883826959972e-01
-3.682851765220298557e-01
-7.348930692486601579e-01
2.192840415504944129e-01
-8.356485618361645384e-01
-6.307766095071691836e-01
-9.143220674711844964e-01
6.908274867157996324e-01
8.019014134333843913e-01
7.276045426044563946e-01
-4.853250859619658852e-01
-3.671269558241501141e-01
-2.958605017675421944e-01
9.909996765378832340e-01
-9.403668192407879101e-01
2.552350338758256620e-02
-5.442130122424586602e-01
9.976909701374722106e-01
5.047728860210078938e-01
-8.115844715971035628e-01
9.801402645749509590e-01
-4.209578288088267062e-01
-3.417326812567831329e-01
-2.148838409907626035e-01
-5.235684953553754184e-02
-9.871865775116412944e-01
2.124514849571079722e-02
1.185126240025478062e-01
3.218954727016027362e-01
-8.942546185008082293e-01
-9.293611693677332752e-01
-3.198437588776914531e-02
9.439985336995265763e-01
-4.603130881397918261e-01
6.841060957841066381e-01
3.610631566016362370e-01
-9.830026848216484314e-01
-3.210025220032803883e-01
-7.864852579505233754e-01
4.857412475058084933e-01
-1.989343403145475975e-01
5.523444263961750922e-01
-2.834453433911394704e-01
8.058372084292009241e-02
-9.009317870873418954e-01
7.342065382341858015e-01
-3.979420130602397965e-01
-7.742298008703250023e-01
1.362716888294754902e-01
-4.571768393585515233e-01
-7.769063566698355405e-01
2.889170647733269037e-01
6.847928413664035041e-01
-8.100941962071013247e-01
3.381475776566464919e-01
8.940765571392838007e-01
-8.188126197095162428e-01
-6.071415390929788547e-01
8.779329812390037624e-01
-8.441847240717021972e-01
2.744948460479905705e-01
-7.511009959357344279e-01
-6.396416880021549289e-01
6.189162948304929301e-01
-8.681872723971104655e-01
2.845739424422271124e-01
-8.426061082710343264e-01
-4.934354245036520759e-01
8.695715414480920114e-01
8.967437807074661871e-01
1.132301221320486384e-02
-6.936980913105721402e-01
3.586665016775291148e-01
1.258403808052053208e-01
5.078584345903114361e-01
6.610216431282538441e-01
6.520824166771976849e-02
7.613534111830344564e-01
4.628459650972489570e-01
4.790015940825055329e-01
-5.858332365838914146e-01
-1.312394834581098735e-02
7.392013946456432727e-02
4.977996451222045649e-02
7.518368273849802552e-01
9.705644491010023689e-01
8.034544922838915415e-01
9.777768146787171322e-01
-2.221381253417542834e-01
7.128857873034142312e-01
5.070783599661354835e-01
2.798710774849574312e-01
2.892994259873544749e-01
-9.747275962205315114e-01
-4.878457695816262873e-01
2.410938995860780754e-01
-4.935077695424010535e-01
2.775265656145398108e-01
5.433037640456646056e-01
-9.574419087439747234e-01
-3.090464746821259823e-01
5.767177463649320046e-02
8.148029023972225282e-02
-5.908814083976072773e-01
4.518654762371567823e-01
-5.778644140261732787e-01
-2.675070027370849424e-01
8.892179535867847928e-01
-5.010904175215149525e-01
-1.156115938962241074e-01
2.933975796659737956e-01
2.581914916439145280e-01
7.754791911168024132e-01
-5.141246211975530889e-01
1.203054052664267459e-01
-4.326146405074553503e-01
3.758152643304590868e-01
-6.670194415214638628e-01
1.025265880488138714e-01
7.056399363099713495e-01
-6.907789492446085866e-01
6.152608263737531225e-01
9.676476050641933391e-01
9.524067402933589221e-02
5.727715706973723897e-02
8.210589383569877331e-01
-6.083335644223684113e-01
1.264001945920467662e-01
-9.659999400221498389e-01
-7.627973065896606064e-01
4.548289174614998931e-01
-6.328450012754904819e-02
9.487858201699608252e-01
5.316900900692254073e-01
-9.567116199810472565e-01
-9.121363963472139957e-01
-8.853454873268564729e-01
7.916807419828284509e-01
8.679253794994727933e-01
-6.902167815710449350e-01
9.862184077889025735e-01
-9.991322919838211414e-01
9.242952024293381585e-01
-5.349219252652586132e-01
-2.014578134684993360e-01
5.722659612236928872e-01
2.314525658719546186e-01
-1.370661200809476510e-01
4.574557883738756825e-01
3.824755929244786357e-01
8.830850807856536200e-01
4.837440465172673232e-01
-7.578043873091302451e-01
7.293992249185773380e-01
-1.605631674814333998e-02
7.214572800305751876e-01
1.561666795812561293e-01
7.831426766557826324e-01
-9.860944188871736404e-01
-1.613842931442133199e-02
6.603105431141920167e-01
-7.021246611371352309e-01
3.597752121479904641e-01
-5.660801842920066829e-01
-8.443842731630433196e-01
-9.164270820896758263e-01
5.941003634354640184e-01
-5.864414961580317609e-01
-7.888190217199744225e-01
5.659023547970822854e-01
-7.846017345958304912e-01
-4.703977509820991276e-01
-1.811976981265717157e-01
6.764435460529741873e-01
8.026204777945404878e-01
-6.749704454386480368e-01
-9.341328788762925939e-03
-6.926171849909187328e-01
1.045272966698225225e-01
-2.579559513722942121e-01
-6.939525966741078022e-02
8.358871245007246653e-01
-2.019838339135944238e-01
-6.914271687939372857e-01
-1.507577203242356223e-01
2.066920202963127284e-01
-5.964950467450025329e-02
4.770033960869053402e-01
1.035141939971080394e-01
1.923514875875238506e-01
-9.724443761605503500e-01
-8.308614614778968566e-01
5.864757598872794020e-01
-5.134055121805457533e-01
7.068350935419152048e-01
-7.837991654773299732e-01
4.754991690811241067e-01
4.112173181642186925e-01
8.642800341536658326e-01
-4.038990748943738218e-02
8.591208550578481873e-01
8.125639155177888373e-02
-5.955269830629499328e-01
2.271031764735648717e-01
1.286477880382261851e-01
-6.977928702525493243e-01
-5.245778161711363019e-01
-1.627311755627292023e-01
1.523798402879668057e-01
-9.606048275532670377e-01
2.181962277738842548e-01
-1.934072835020621550e-01
-4.986814623340589669e-01
-6.754708391263001266e-01
2.683673959106289142e-01
4.154157944449371476e-01
7.632753219194254868e-01
9.393649984157077526e-01
-9.672357759720277004e-01
-6.910906159211720468e-01
-9.583380891478032737e-03
-1.231328856752248457e-01
-8.646937956755169630e-01
-4.847139243059730429e-01
3.259113533869859580e-01
3.726306672820646204e-01
9.590338847326347338e-01
-5.237506202463855232e-01
1.095708137102289204e-01
-2.014292877658656611e-01
8.339248187433623283e-01
7.830467192016223876e-01
5.372444091733608040e-01
8.616206458505648591e-02
8.423040690310912293e-01
5.357749942773464280e-01
5.331176234958456828e-01
1.554475717308954064e-01
6.419145128811856171e-01
9.959626921274943312e-01
-8.856162936612566039e-01
-7.963770455878818044e-01
-2.920436249559749120e-01
2.772422605186473099e-01
-8.215750336933257403e-01
2.575862041090778431e-01
9.142858514335541198e-01
2.617873502486889326e-01
5.418377198121779870e-01
-6.035062598767779729e-01
9.369025224690923359e-01
-7.381766273657051070e-01
-9.656068828140790261e-01
-8.413589550211868495e-01
-3.520154069289886944e-01
3.155422082587371335e-01
-8.768515061929560428e-01
-3.778928018532059507e-01
1.390570553886418814e-01
2.528453287313872089e-01
-8.485021507836735255e-01
-2.682657981165276206e-01
3.749360912429460235e-01
-1.549956776332961361e-03
-2.175387753300841442e-01
-1.789096883826959972e-01
-3.682851765220298557e-01
-7.348930692486601579e-01
2.192840415504944129e-01
-8.356485618361645384e-01
-6.307766095071691836e-01
-9.143220674711844964e-01
6.908274867157996324e-01
8.019014134333843913e-01
7.276045426044563946e-01
-4.853250859619658852e-01
-3.677352129139871972e-01
-2.958605017675421944e-01
9.909996765378832340e-01
-9.403668192407879101e-01
2.594079817856130565e-02
-5.442130122424586602e-01
9.976909701374722106e-01
5.047728860210078938e-01
-8.135353438235826129e-01
9.801402645749509590e-01
-4.209578288088267062e-01
-3.417326812567831329e-01
-2.148838409907626035e-01
-5.235684953553754184e-02
-9.871865775116412944e-01
2.124514849571079722e-02
1.185126240025478062e-01
3.218954727016027362e-01
-8.942546185008082293e-01
-9.293611693677332752e-01
-3.198437588776914531e-02
9.439985336995265763e-01
-4.603130881397918261e-01
6.841060957841066381e-01
3.610631566016362370e-01
-9.830026848216484314e-01
-3.210025220032803883e-01
-7.864852579505233754e-01
4.857412475058084933e-01
-1.989343403145475975e-01
5.515078081705686586e-01
-2.834453433911394704e-01
8.058372084292009241e-02
-9.009317870873418954e-01
7.342065382341858015e-01
-3.979420130602397965e-01
-7.742298008703250023e-01
1.362716888294754902e-01
-4.571768393585515233e-01
-7.769063566698355405e-01
2.889170647733269037e-01
6.847928413664035041e-01
-8.100941962071013247e-01
3.381475776566464919e-01
8.940765571392838007e-01
-8.188126197095162428e-01
-6.071415390929788547e-01
8.779329812390037624e-01
-8.441847240717021972e-01
2.744948460479905705e-01
-7.511009959357344279e-01
-6.396416880021549289e-01
6.189162948304929301e-01
-8.681872723971104655e-01
2.845739424422271124e-01
-8.426061082710343264e-01
-4.934354245036520759e-01
8.695715414480920114e-01
8.967437807074661871e-01
1.132301221320486384e-02
-6.936980913105721402e-01
3.586665016775291148e-01
1.258403808052053208e-01
5.078584345903114361e-01
6.606384612374874843e-01
6.520824166771976849e-02
7.613534111830344564e-01
4.628459650972489570e-01
4.790015940825055329e-01
-5.859830385787031526e-01
-1.312394834581098735e-02
7.392013946456432727e-02
5.027607203813189152e-02
7.518368273849802552e-01
9.705644491010023689e-01
8.034544922838915415e-01
9.777768146787171322e-01
-2.221381253417542834e-01
7.128857873034142312e-01
5.070783599661354835e-01
2.798710774849574312e-01
2.892994259873544749e-01
-9.747275962205315114e-01
-4.878457695816262873e-01
2.410938995860780754e-01
-4.935077695424010535e-01
2.775265656145398108e-01
5.433037640456646056e-01
-9.574419087439747234e-01
-3.090464746821259823e-01
5.767177463649320046e-02
8.148029023972225282e-02
-5.908814083976072773e-01
4.518654762371567823e-01
-5.778644140261732787e-01
-2.675070027370849424e-01
8.892179535867847928e-01
-5.010904175215149525e-01
-1.156115938962241074e-01
2.933975796659737956e-01
2.581914916439145280e-01
7.754791911168024132e-01
-5.141246211975530889e-01
1.203054052664267459e-01
-4.326146405074553503e-01
3.765653778014912967e-01
-6.670194415214638628e-01
1.025265880488138714e-01
7.056399363099713495e-01
-6.907789492446085866e-01
6.152608263737531225e-01
9.676476050641933391e-01
9.524067402933589221e-02
5.727715706973723897e-02
8.210589383569877331e-01
-6.083335644223684113e-01
1.264001945920467662e-01
-9.659999400221498389e-01
-7.627973065896606064e-01
4.548289174614998931e-01
-6.328450012754904819e-02
9.487858201699608252e-01
5.306363460473655369e-01
-9.567116199810472565e-01
-9.121363963472139957e-01
-8.853454873268564729e-01
7.916807419828284509e-01
8.679253794994727933e-01
-6.902167815710449350e-01
9.862184077889025735e-01
-9.987641223360500531e-01
9.242952024293381585e-01
-5.349219252652586132e-01
-2.019626487490736033e-01
5.722659612236928872e-01
2.314525658719546186e-01
-1.370661200809476510e-01
4.574557883738756825e-01
3.824755929244786357e-01
8.830850807856536200e-01
4.837440465172673232e-01
-7.578043873091302451e-01
7.293992249185773380e-01
-1.605631674814333998e-02
7.214572800305751876e-01
1.561666795812561293e-01
7.831426766557826324e-01
-9.860944188871736404e-01
-1.613842931442133199e-02
6.603105431141920167e-01
-7.021246611371352309e-01
3.589872471784134045e-01
-5.660801842920066829e-01
-8.443842731630433196e-01
-9.164270820896758263e-01
5.941003634354640184e-01
-5.854840842571407133e-01
-7.883406208874639276e-01
5.659023547970822854e-01
-7.846017345958304912e-01
-4.703977509820991276e-01
-1.811976981265717157e-01
6.764435460529741873e-01
8.026204777945404878e-01
-6.749704454386480368e-01
-9.341328788762925939e-03
-6.926171849909187328e-01
1.045272966698225225e-01
-2.586400000564694768e-01
-6.939525966741078022e-02
8.358871245007246653e-01
-2.019838339135944238e-01
-6.914271687939372857e-01
-1.507577203242356223e-01
2.066920202963127284e-01
-5.964950467450025329e-02
4.770033960869053402e-01
1.035141939971080394e-01
1.923514875875238506e-01
-9.724443761605503500e-01
-8.308614614778968566e-01
5.864757598872794020e-01
-5.134055121805457533e-01
7.068350935419152048e-01
-7.837991654773299732e-01
4.754991690811241067e-01
4.112173181642186925e-01
8.642800341536658326e-01
-4.038990748943738218e-02
8.591208550578481873e-01
8.125639155177888373e-02
-5.955269830629499328e-01
2.271031764735648717e-01
1.286477880382261851e-01
-6.977928702525493243e-01
-5.245778161711363019e-01
-1.627311755627292023e-01
1.523798402879668057e-01
-9.606048275532670377e-01
2.181962277738842548e-01
-1.934072835020621550e-01
-4.986814623340589669e-01
-6.754708391263001266e-01
2.686539973816408633e-01
4.154157944449371476e-01
7.632753219194254868e-01
9.393649984157077526e-01
-9.672357759720277004e-01
-6.910906159211720468e-01
-9.583380891478032737e-03
-1.231328856752248457e-01
-8.646937956755169630e-01
-4.847139243059730429e-01
3.259113533869859580e-01
3.726306672820646204e-01
9.590338847326347338e-01
-5.237506202463855232e-01
1.095708137102289204e-01
-2.014292877658656611e-01
8.339248187433623283e-01
7.830467192016223876e-01
5.372444091733608040e-01
8.616206458505648591e-02
8.423040690310912293e-01
5.357749942773464280e-01
5.318323410250445082e-01
1.554475717308954064e-01
6.419145128811856171e-01
9.959626921274943312e-01
-8.856162936612566039e-01
-7.963770455878818044e-01
-2.920436249559749120e-01
2.772422605186473099e-01
-8.215750336933257403e-01
2.575862041090778431e-01
9.142858514335541198e-01
2.617873502486889326e-01
5.418377198121779870e-01
-6.035331064269277013e-01
9.369025224690923359e-01
-7.384231244659629212e-01
-9.635888603860477408e-01
-8.413589550211868495e-01
-3.520154069289886944e-01
3.155422082587371335e-01
-8.757567627342250915e-01
-3.778928018532059507e-01
-6.979387812062753937e-01
2.875534997667731352e-01
-7.233575830431924203e-01
-5.914273604548780927e-01
-2.765390687875228237e-01
-3.955397613018194480e-01
8.037644566092416731e-02
-1.031008761704126364e-01
-7.556628901415218813e-01
-1.456792603140950604e-01
-4.015013760374432916e-01
9.199994443460404181e-01
-8.076036731895750442e-01
-9.405226667753718850e-01
2.616921585792965077e-01
-9.959129154350471191e-01
-5.353255179715703527e-01
-6.994528619173918660e-01
7.199589421863099581e-01
4.191981137202605012e-01
4.126278932835112379e-01
-1.589190061111356300e-03
-3.710132844254350193e-01
9.351156388298742517e-01
-7.147447443981207460e-01
-1.114909223867921462e-01
-2.622812990696037350e-01
5.059882015416388157e-01
-2.078579638569467702e-01
6.391707740290037965e-01
-2.200864166407945355e-01
5.848228665438065521e-01
-6.833913558680639877e-01
3.615391890106665063e-01
-8.238656964802363314e-01
-8.862103703020696166e-02
-2.714741186987168486e-01
5.664731885546028245e-01
-1.657237482659716377e-01
-8.209428111823479091e-01
3.776070880277522246e-01
8.732313426883213658e-01
-9.029030641361768250e-01
2.049258638530686571e-01
7.160037164872656845e-02
-9.991907530315753405e-01
2.512737768412514061e-01
2.805285099404586369e-01
-6.211372827364408655e-01
-8.866577215947777368e-01
-4.610101437478131281e-01
2.800972300985631325e-01
-4.412039873602582873e-02
-7.889674209631647450e-01
-6.725770344679986579e-01
7.911353386090202999e-01
6.629941715638432154e-01
-5.773142359063563323e-01
1.525296107904534348e-01
-5.367910046506354504e-01
-6.152200887697665266e-01
-9.845979201110605095e-01
-3.094991693643955877e-02
-7.832109492475174406e-01
-3.639097677755304822e-02
1.279536182858809212e-01
-8.892255115487746053e-01
3.843201767971797800e-01
-4.562127855543309796e-01
-6.900015485989812181e-01
8.071235460393964001e-01
9.484568662946795126e-01
3.127417643405672187e-02
8.644265718671488852e-01
-9.331865413354953898e-01
1.131038541322875179e-01
3.135144152588398292e-01
-4.726804130952313443e-01
-5.928031391805850259e-01
-8.962861260740541125e-01
9.641483458963717723e-01
1.401391305191571623e-01
4.131588256981320040e-01
1.551023364964557172e-01
6.150966652769891407e-01
5.953491785363781430e-01
4.004712732442133882e-01
6.868860105260443660e-03
9.765969423872475907e-01
2.826591886786919972e-01
-6.942470780177651957e-01
2.068336152155215713e-01
3.729115485581224743e-01
6.695407823294341476e-01
5.434374494350281415e-01
-6.237358686769074456e-01
6.149798758265934140e-01
-4.272694143911193176e-01
-8.498341220913998573e-01
3.491873745563306985e-01
7.463955365204986148e-01
3.599668541844223135e-01
-6.779041775425167504e-01
-7.047134611536784998e-01
6.459420952580379183e-01
-2.642161560291134137e-01
6.369718357162650335e-01
-5.452354713141582820e-02
-8.512112521749664040e-01
2.076281722789736772e-01
7.716465433432990739e-01
4.220059249465906159e-01
8.505125741507849613e-01
6.553164293641692284e-01
-1.354854041996322589e-01
-5.311329781681206619e-01
-1.493974482001791948e-02
-2.100746005853901810e-01
6.505656213527903908e-01
-1.332620115312626030e-01
2.150302040404739046e-01
6.805238702147495822e-01
-5.085621187510951380e-01
-2.295378647145287498e-01
4.400597309422684678e-01
-3.225425945331306110e-02
9.652143851425301069e-01
-9.675742339751600696e-01
9.452474695815218375e-01
9.090968613533846332e-01
1.025382849981612554e-01
4.636224618052064428e-01
-4.929075691952050642e-01
-9.881683504513830707e-01
2.995469287320509100e-01
-5.379779703475460195e-01
-8.037578501256898988e-01
5.024846497819526192e-01
-8.529056437639099819e-01
-2.492077343582390636e-01
2.980156952167158924e-01
4.700784073292962884e-01
-4.102801277535761404e-01
1.561090615490178246e-01
-7.671790865021952399e-01
3.438366013335183435e-01
1.868265600188070419e-01
-2.471935896979514657e-01
-7.875194771447167896e-02
4.166817445052928282e-01
1.745551119249927341e-01
3.004292813954803076e-01
-7.821310307476267987e-01
-8.538959807115983347e-01
-8.298071656281262864e-01
-9.815965557219531457e-01
8.661931523544875722e-01
7.530657346334057589e-01
4.783177241079172859e-02
3.694573664734956964e-01
1.644359596943170132e-01
7.340750277649923383e-01
-3.993789378578620486e-01
4.679892101523666081e-01
5.933472010020210963e-01
8.545321816790796277e-02
-4.706397081033291130e-01
-4.944033547601667244e-01
5.253561416974881215e-01
-9.450451589924603324e-01
-3.774721076902320949e-01
5.709530898880330607e-01
-6.654784812707490449e-01
7.403532709311337889e-01
-4.748599765675259876e-01
8.482253828856141098e-01
-5.543877694905905429e-01
-1.981752047284202067e-01
-3.769064772739854075e-01
8.033515413779156455e-01
-7.079354235718993138e-01
-5.945656933887628615e-01
-2.908902134538886575e-01
-6.156886352202795010e-01
3.359820068634622459e-01
1.496010874155548898e-01
5.247758943815292731e-01
5.005583446149126647e-01
8.463496126119599561e-01
7.613396975587192195e-01
1.714352063747681676e-01
9.189194383947574263e-01
-4.382501398757354671e-02
-9.962335691288315420e-01
-8.172776186055059622e-01
8.781321751539842291e-01
7.629301432049614418e-01
5.139290600203281212e-01
6.907555169634924663e-01
-1.974244423436319895e-01
-8.651100251102372685e-01
-2.544603672145863693e-01
-2.527590330197782009e-03
-7.563269369093486016e-01
7.995188619769695304e-01
7.522725002186284593e-01
2.823677295981230628e-02
8.839986170897510265e-01
1.028873787239137361e-01
9.144063736303449375e-01
-8.354231696963207998e-01
-4.979483376220705804e-01
-2.691461999959645635e-01
6.813440359220492848e-01
-9.376235702247562864e-01
1.248965347374632051e-01
1.882682664443096066e-01
-3.444737764746179653e-01
-6.874414679741644996e-01
9.367102270763778549e-01
-6.503528758007948163e-02
-4.684856229694922547e-01
4.239248941820137340e-01
4.593694201372156005e-01
-4.542231549986301964e-01
9.932070264169394758e-01
-2.177314895468018818e-02
8.407531321114690426e-02
2.490284899306742794e-01
4.349303256999139666e-01
-6.703116281973320323e-01
-5.521067123337604077e-01
3.384313202633277839e-01
-9.100350652115554162e-01
-4.969188805599269454e-01
4.764705156411186415e-02
1.395949760169434839e-03
7.534536189545018026e-01
7.510461886145173294e-01
3.534133779552914856e-01
-1.298335660714613482e-01
-5.658939064649529671e-01
3.491612508698964668e-01
9.914974656368751305e-01
2.956727975484238491e-01
-8.690291657891971999e-01
9.512692695526971942e-01
7.870778575811541167e-01
1.419069822190248686e-01
-1.770588040934470975e-01
7.618450970220789209e-01
-2.461521406224407293e-01
7.116270116181502292e-01
7.196934469115693345e-01
5.082195019765030075e-01
-9.998448543673744693e-01
6.235765479613968321e-01
5.861973660135453290e-01
-9.607106142945036620e-01
8.329336060089682636e-01
-2.933654543289587746e-01
1.138526505335057948e-02
5.660614208623142574e-01
6.322476221909528737e-01
3.983517824544815511e-01
-6.979387812062753937e-01
2.875534997667731352e-01
-7.233575830431924203e-01
-5.914273604548780927e-01
-2.765390687875228237e-01
-3.955397613018194480e-01
8.037644566092416731e-02
-1.031008761704126364e-01
-7.556628901415218813e-01
-1.456792603140950604e-01
-4.015013760374432916e-01
9.199994443460404181e-01
-8.076036731895750442e-01
-9.405226667753718850e-01
2.616921585792965077e-01
-9.959129154350471191e-01
-5.353255179715703527e-01
-6.994528619173918660e-01
7.199589421863099581e-01
4.191981137202605012e-01
4.126278932835112379e-01
-1.589190061111356300e-03
-3.710132844254350193e-01
9.351156388298742517e-01
-7.147447443981207460e-01
-1.114909223867921462e-01
-2.622812990696037350e-01
5.059882015416388157e-01
-2.078579638569467702e-01
6.391707740290037965e-01
-2.200864166407945355e-01
5.848228665438065521e-01
-6.833913558680639877e-01
3.615391890106665063e-01
-8.238656964802363314e-01
-8.862103703020696166e-02
-2.714741186987168486e-01
5.664731885546028245e-01
-1.657237482659716377e-01
-8.209428111823479091e-01
3.776070880277522246e-01
8.732313426883213658e-01
-9.029030641361768250e-01
2.049258638530686571e-01
7.160037164872656845e-02
-9.991907530315753405e-01
2.512737768412514061e-01
2.805285099404586369e-01
-6.211372827364408655e-01
-8.866577215947777368e-01
-4.610101437478131281e-01
2.800972300985631325e-01
-4.412039873602582873e-02
-7.889674209631647450e-01
-6.725770344679986579e-01
7.911353386090202999e-01
6.629941715638432154e-01
-5.773142359063563323e-01
1.525296107904534348e-01
-5.367910046506354504e-01
-6.152200887697665266e-01
-9.845979201110605095e-01
-3.094991693643955877e-02
-7.832109492475174406e-01
-3.639097677755304822e-02
1.279536182858809212e-01
-8.892255115487746053e-01
3.843201767971797800e-01
-4.562127855543309796e-01
-6.900015485989812181e-01
8.071235460393964001e-01
9.484568662946795126e-01
3.127417643405672187e-02
8.644265718671488852e-01
-9.331865413354953898e-01
1.131038541322875179e-01
3.135144152588398292e-01
-4.726804130952313443e-01
-5.928031391805850259e-01
-8.962861260740541125e-01
9.641483458963717723e-01
1.401391305191571623e-01
4.131588256981320040e-01
1.551023364964557172e-01
6.150966652769891407e-01
5.953491785363781430e-01
4.004712732442133882e-01
6.868860105260443660e-03
9.765969423872475907e-01
2.826591886786919972e-01
-6.942470780177651957e-01
2.068336152155215713e-01
3.729115485581224743e-01
6.695407823294341476e-01
5.434374494350281415e-01
-6.237358686769074456e-01
6.149798758265934140e-01
-4.272694143911193176e-01
-8.498341220913998573e-01
3.491873745563306985e-01
7.463955365204986148e-01
3.599668541844223135e-01
-6.779041775425167504e-01
-7.047134611536784998e-01
6.459420952580379183e-01
-2.642161560291134137e-01
6.369718357162650335e-01
-5.452354713141582820e-02
-8.512112521749664040e-01
2.076281722789736772e-01
7.716465433432990739e-01
4.220059249465906159e-01
8.505125741507849613e-01
6.553164293641692284e-01
-1.354854041996322589e-01
-5.311329781681206619e-01
-1.493974482001791948e-02
-2.100746005853901810e-01
6.505656213527903908e-01
-1.332620115312626030e-01
2.150302040404739046e-01
6.805238702147495822e-01
-5.085621187510951380e-01
-2.295378647145287498e-01
4.400597309422684678e-01
-3.225425945331306110e-02
9.652143851425301069e-01
-9.675742339751600696e-01
9.452474695815218375e-01
9.090968613533846332e-01
1.025382849981612554e-01
4.636224618052064428e-01
-4.929075691952050642e-01
-9.881683504513830707e-01
2.995469287320509100e-01
-5.379779703475460195e-01
-8.037578501256898988e-01
5.024846497819526192e-01
-8.529056437639099819e-01
-2.492077343582390636e-01
2.980156952167158924e-01
4.700784073292962884e-01
-4.102801277535761404e-01
1.561090615490178246e-01
-7.671790865021952399e-01
3.438366013335183435e-01
1.868265600188070419e-01
-2.471935896979514657e-01
-7.875194771447167896e-02
4.166817445052928282e-01
1.745551119249927341e-01
3.004292813954803076e-01
-7.821310307476267987e-01
-8.538959807115983347e-01
-8.298071656281262864e-01
-9.815965557219531457e-01
8.661931523544875722e-01
7.530657346334057589e-01
4.783177241079172859e-02
3.694573664734956964e-01
1.644359596943170132e-01
7.340750277649923383e-01
-3.993789378578620486e-01
4.679892101523666081e-01
5.933472010020210963e-01
8.545321816790796277e-02
-4.706397081033291130e-01
-4.944033547601667244e-01
5.253561416974881215e-01
-9.450451589924603324e-01
-3.774721076902320949e-01
5.720930700560348248e-01
-6.654784812707490449e-01
7.403532709311337889e-01
-4.748599765675259876e-01
8.482253828856141098e-01
-5.543877694905905429e-01
-1.981752047284202067e-01
-3.769064772739854075e-01
8.033515413779156455e-01
-7.079354235718993138e-01
-5.945656933887628615e-01
-2.908902134538886575e-01
-6.156886352202795010e-01
3.359820068634622459e-01
1.496010874155548898e-01
5.247758943815292731e-01
5.005583446149126647e-01
8.463496126119599561e-01
7.613396975587192195e-01
1.714352063747681676e-01
9.189194383947574263e-01
-4.382501398757354671e-02
-9.962335691288315420e-01
-8.172776186055059622e-01
8.781321751539842291e-01
7.629301432049614418e-01
5.139290600203281212e-01
6.907555169634924663e-01
-1.974244423436319895e-01
-8.651100251102372685e-01
-2.544603672145863693e-01
-2.527590330197782009e-03
-7.563269369093486016e-01
7.995188619769695304e-01
7.522725002186284593e-01
2.823677295981230628e-02
8.839986170897510265e-01
1.028873787239137361e-01
9.144063736303449375e-01
-8.354231696963207998e-01
-4.979483376220705804e-01
-2.691461999959645635e-01
6.813440359220492848e-01
-9.376235702247562864e-01
1.248965347374632051e-01
1.882682664443096066e-01
-3.444737764746179653e-01
-6.874414679741644996e-01
9.367102270763778549e-01
-6.503528758007948163e-02
-4.684856229694922547e-01
4.239248941820137340e-01
4.593694201372156005e-01
-4.542231549986301964e-01
9.932070264169394758e-01
-2.177314895468018818e-02
8.407531321114690426e-02
2.490284899306742794e-01
4.349303256999139666e-01
-6.703116281973320323e-01
-5.521067123337604077e-01
3.384313202633277839e-01
-9.100350652115554162e-01
-4.969188805599269454e-01
4.764705156411186415e-02
1.395949760169434839e-03
7.534536189545018026e-01
7.510461886145173294e-01
3.534133779552914856e-01
-1.298335660714613482e-01
-5.658939064649529671e-01
3.491612508698964668e-01
9.914974656368751305e-01
2.956727975484238491e-01
-8.690291657891971999e-01
9.512692695526971942e-01
7.870778575811541167e-01
1.419069822190248686e-01
-1.770588040934470975e-01
7.618450970220789209e-01
-2.461521406224407293e-01
7.116270116181502292e-01
7.196934469115693345e-01
5.082195019765030075e-01
-9.998448543673744693e-01
6.235765479613968321e-01
5.861973660135453290e-01
-9.607106142945036620e-01
8.329336060089682636e-01
-2.933654543289587746e-01
1.138526505335057948e-02
5.660614208623142574e-01
6.322476221909528737e-01
3.983517824544815511e-01
-6.979387812062753937e-01
2.875534997667731352e-01
-7.233575830431924203e-01
-5.914273604548780927e-01
-2.765390687875228237e-01
-3.957507871588148984e-01
8.037644566092416731e-02
-1.031008761704126364e-01
-7.556628901415218813e-01
-1.456792603140950604e-01
-4.015013760374432916e-01
9.199994443460404181e-01
-8.076036731895750442e-01
-9.405226667753718850e-01
2.616921585792965077e-01
-9.959129154350471191e-01
-5.353255179715703527e-01
-6.994528619173918660e-01
7.199589421863099581e-01
4.191981137202605012e-01
4.126278932835112379e-01
-1.589190061111356300e-03
-3.710132844254350193e-01
9.316457599785138433e-01
-7.147447443981207460e-01
-1.114909223867921462e-01
-2.622812990696037350e-01
5.059882015416388157e-01
-2.078579638569467702e-01
6.391707740290037965e-01
-2.200864166407945355e-01
6.893220515884858068e-01
-6.833913558680639877e-01
3.615391890106665063e-01
-8.238656964802363314e-01
-8.862103703020696166e-02
-2.714741186987168486e-01
5.664731885546028245e-01
-1.657237482659716377e-01
-8.209428111823479091e-01
3.776070880277522246e-01
8.732313426883213658e-01
-9.029030641361768250e-01
2.049258638530686571e-01
7.160037164872656845e-02
-9.869685164230617147e-01
2.512737768412514061e-01
2.805285099404586369e-01
-6.211372827364408655e-01
-8.866577215947777368e-01
-4.610101437478131281e-01
4.880370872485219613e-01
-4.412039873602582873e-02
-7.889674209631647450e-01
-6.725770344679986579e-01
7.911353386090202999e-01
6.629941715638432154e-01
-5.773142359063563323e-01
1.510294288769093995e-01
-5.367910046506354504e-01
-6.152200887697665266e-01
-9.845979201110605095e-01
-3.094991693643955877e-02
-7.832109492475174406e-01
-3.639097677755304822e-02
1.279536182858809212e-01
-8.892255115487746053e-01
3.843201767971797800e-01
-4.562127855543309796e-01
-6.900015485989812181e-01
8.071235460393964001e-01
9.484568662946795126e-01
3.127417643405672187e-02
8.644265718671488852e-01
-9.331865413354953898e-01
1.131038541322875179e-01
3.135144152588398292e-01
-4.726804130952313443e-01
-5.928031391805850259e-01
-8.962861260740541125e-01
9.641483458963717723e-01
1.400777290279366094e-01
4.131588256981320040e-01
1.551023364964557172e-01
6.150966652769891407e-01
5.953491785363781430e-01
4.004712732442133882e-01
6.868860105260443660e-03
9.765969423872475907e-01
2.826591886786919972e-01
-6.942470780177651957e-01
2.068336152155215713e-01
3.723369935861831070e-01
6.695407823294341476e-01
5.434374494350281415e-01
-6.237358686769074456e-01
6.149798758265934140e-01
-4.272694143911193176e-01
-8.502362876173463757e-01
3.491873745563306985e-01
7.463955365204986148e-01
3.599668541844223135e-01
-6.779041775425167504e-01
-7.047134611536784998e-01
6.459420952580379183e-01
-2.642161560291134137e-01
6.369718357162650335e-01
-5.452354713141582820e-02
-8.512112521749664040e-01
2.076281722789736772e-01
7.716465433432990739e-01
4.220059249465906159e-01
8.505125741507849613e-01
6.553164293641692284e-01
-1.354854041996322589e-01
-5.311329781681206619e-01
-1.493974482001791948e-02
-2.100879798348262162e-01
6.505656213527903908e-01
-1.332620115312626030e-01
2.150302040404739046e-01
6.805238702147495822e-01
-5.085621187510951380e-01
-2.295378647145287498e-01
4.400597309422684678e-01
-3.225425945331306110e-02
9.443720702500506547e-01
-9.675742339751600696e-01
9.452474695815218375e-01
9.090968613533846332e-01
1.025382849981612554e-01
6.948374683665161644e-01
-4.987539874129254258e-01
-9.881683504513830707e-01
3.001841447024717890e-01
-5.379779703475460195e-01
-8.037578501256898988e-01
5.024846497819526192e-01
-8.529056437639099819e-01
-2.492077343582390636e-01
2.980156952167158924e-01
4.700784073292962884e-01
-4.102801277535761404e-01
1.560035366735459395e-01
-7.671790865021952399e-01
3.438366013335183435e-01
1.868265600188070419e-01
-2.531559491744470591e-01
-7.874814219829939788e-02
4.166817445052928282e-01
1.745551119249927341e-01
3.004292813954803076e-01
-7.821310307476267987e-01
-8.538959807115983347e-01
-8.302622525469127712e-01
-9.809061460525374532e-01
8.661931523544875722e-01
7.530657346334057589e-01
4.783177241079172859e-02
3.694573664734956964e-01
1.644359596943170132e-01
7.340750277649923383e-01
-3.993789378578620486e-01
4.679892101523666081e-01
5.933472010020210963e-01
8.545321816790796277e-02
-4.706397081033291130e-01
-4.944033547601667244e-01
5.253561416974881215e-01
-9.450451589924603324e-01
-3.774721076902320949e-01
5.709530898880330607e-01
-6.654784812707490449e-01
7.403532709311337889e-01
-4.748599765675259876e-01
8.482253828856141098e-01
-5.543877694905905429e-01
-1.981752047284202067e-01
-3.769064772739854075e-01
8.033515413779156455e-01
-7.079354235718993138e-01
-5.945656933887628615e-01
-8.978569793388388454e-02
-6.156886352202795010e-01
3.359820068634622459e-01
1.496010874155548898e-01
5.247758943815292731e-01
5.005583446149126647e-01
8.463496126119599561e-01
7.613396975587192195e-01
1.714352063747681676e-01
8.347155759492981275e-01
-4.382501398757354671e-02
-9.890598467509492675e-01
-8.172776186055059622e-01
8.781321751539842291e-01
7.629301432049614418e-01
5.139290600203281212e-01
6.907555169634924663e-01
-1.974244423436319895e-01
-8.651100251102372685e-01
-2.544603672145863693e-01
-6.244457535567976385e-04
-7.563269369093486016e-01
7.995188619769695304e-01
7.522725002186284593e-01
2.823677295981230628e-02
8.841393303233056056e-01
1.028873787239137361e-01
9.144063736303449375e-01
-9.912940992908461091e-01
-4.979483376220705804e-01
7.254402166048262452e-04
6.813440359220492848e-01
-9.379052291206718683e-01
1.248965347374632051e-01
1.882682664443096066e-01
-3.440909067468455595e-01
-6.874414679741644996e-01
9.367102270763778549e-01
-6.503528758007948163e-02
-4.684856229694922547e-01
4.239248941820137340e-01
4.593694201372156005e-01
-4.542231549986301964e-01
9.932070264169394758e-01
-2.177314895468018818e-02
-5.098375379435590715e-02
2.934468171734317954e-01
4.349303256999139666e-01
-6.703116281973320323e-01
-5.521067123337604077e-01
3.384313202633277839e-01
-9.100350652115554162e-01
-4.969188805599269454e-01
4.764705156411186415e-02
1.395949760169434839e-03
7.534536189545018026e-01
5.017357108626991913e-01
3.534133779552914856e-01
-1.298335660714613482e-01
-5.462578018055295193e-01
2.717476590009058057e-01
9.914974656368751305e-01
2.956959853528426940e-01
-8.690291657891971999e-01
9.512692695526971942e-01
7.870778575811541167e-01
1.419069822190248686e-01
-1.770588040934470975e-01
9.550067136872877338e-01
-2.461521406224407293e-01
7.116270116181502292e-01
7.196934469115693345e-01
5.082195019765030075e-01
-9.997631142764979995e-01
6.235765479613968321e-01
5.861973660135453290e-01
-9.607106142945036620e-01
8.329336060089682636e-01
-2.933654543289587746e-01
1.138526505335057948e-02
5.660614208623142574e-01
4.570072479511275709e-01
3.983517824544815511e-01
