2.005513305910111566e-01
2.450959687160314537e-01
6.420096244559289067e-01
6.650359992853331903e-01
7.215983505069365478e-01
-9.239142238918022221e-01
7.106560640935590811e-01
-5.765139845700917309e-01
9.417076999815554572e-02
-3.715223878016220560e-01
-3.497405539847697753e-02
1.172680059982009748e-01
-9.402129570463606534e-01
-7.346021519727110594e-01
8.686744195987632366e-01
-6.615113619164061376e-01
-6.875228774637345275e-01
-9.718418419479513126e-01
2.715062604139899527e-01
-6.008648947574048993e-01
-1.680020541973954451e-01
-6.828852195429735428e-01
-5.556097421556591698e-01
3.196117252201668979e-01
5.025308576113987069e-01
-6.919575207847816767e-01
-9.256821106408374966e-02
-7.822282515135534631e-01
-5.617864196283928191e-01
7.093483648983058831e-01
-8.419589710714496800e-01
-7.988496107970053384e-01
-1.950319709942485158e-01
-4.284115623719024768e-01
1.499063681155849981e-01
-8.851423549118035972e-01
3.511134670486502074e-01
-4.345994440468646802e-01
-3.596375096927244552e-01
-8.110595827422535375e-01
3.464285533330156985e-01
-7.183562270218528667e-01
-7.009215725917401496e-01
4.331574993078946001e-01
-3.040867991061255715e-01
5.759385503537768347e-01
9.643772908008065858e-01
6.394531545837238706e-01
-3.464390021058640912e-01
-2.622533904627522006e-01
1.778070844319448174e-01
-1.811098290752761741e-01
5.582904264760712998e-01
-4.339499637560162437e-01
9.089328992534626561e-01
-7.170556510112646720e-01
-8.652019934740606821e-02
-9.551001780091319393e-01
2.017694074003164584e-01
3.110908313505198475e-01
2.958548480377556356e-01
7.252336085045982816e-01
-6.317013476899254742e-01
-8.411479534679089376e-01
4.239897543707666916e-01
4.444280874760266897e-01
-6.703144259944884276e-01
5.571886637322422953e-01
-4.177178573348405699e-02
6.739987571284105083e-01
-8.382494365293211569e-01
4.867495868338078679e-01
6.036024507497494973e-01
1.525998334221254638e-01
-6.214965949592934358e-01
3.355422359406035060e-01
-1.207391335400740395e-01
-5.923112648624508925e-01
1.493095438756302240e-01
2.036194194714397998e-01
7.087512131733348930e-01
8.283264856274914489e-01
2.717672362038037193e-01
6.303738202501221188e-01
-1.441980642069453644e-01
-1.825138019298011560e-01
4.378270188478744496e-01
5.339897682213934349e-01
-1.649710026442339217e-01
-6.923369825755842921e-01
1.788816697646899989e-02
7.372318834783815333e-01
-9.265980495349723789e-02
-2.089442387952393787e-01
-5.040202478490058979e-01
2.535856385462698093e-02
7.373643342072568885e-01
7.572924646070611221e-01
-7.816603580854950550e-01
-8.851103823822454864e-01
-6.835630718669072348e-01
6.736927581958496170e-02
-1.042360634989141221e-01
8.010294662328365511e-02
-8.118004570947281451e-01
-9.223090991205533662e-01
9.158619307401922871e-01
9.887294798816648189e-02
-8.453669201661360155e-01
3.147177639874643162e-02
-2.017990192912466618e-02
3.276853656303635454e-02
-7.592917806414867243e-02
6.366307383102598472e-01
5.201594824296269515e-01
1.135064053395242745e-01
-9.646301840308701969e-01
7.643610020192850296e-01
8.354201244722103681e-01
1.333830582595783021e-01
5.101972403962347080e-01
-1.442031725321524238e-01
1.739542330554004756e-01
-2.243521278231195848e-01
-7.352061369536935231e-01
2.114675480726859735e-01
4.686164329621407276e-01
7.311425005688629852e-01
1.913907519200841456e-02
-3.276692977978283849e-01
1.928760218888101452e-01
1.735989422936412563e-01
3.388593378434048287e-01
-3.513254649009973640e-01
1.674794341336631742e-01
-1.230966578853203153e-01
3.278514425736518412e-01
-6.153247045163654505e-01
-5.381716743886417742e-01
-6.893809087392126500e-01
9.258023915003212867e-01
5.952316149671146306e-01
-9.761937298882692460e-01
7.688229953546730222e-01
1.773313099707591878e-01
7.754041498310138003e-01
-5.014009036128208585e-01
-6.109258463916946713e-01
8.586331345435389562e-01
2.046193202611541473e-01
-7.276594932720947817e-02
-9.742977301154023273e-01
-4.643286349264790225e-01
3.634430919287818806e-01
1.260902852894045800e-01
5.146857437681351399e-02
-9.565956497510872403e-01
9.707334785313971315e-01
-8.498311583374280609e-01
9.110012506004661059e-01
-5.791121989140779469e-02
1.096786782162002538e-01
-6.854024615344076476e-01
7.114438878200335381e-01
-2.340250831003986287e-01
-3.949150555423874831e-01
7.125944125675083285e-01
-9.906024844439520471e-02
-5.705539376252883876e-01
-2.834134324487280754e-01
-9.794984526654260115e-02
6.188082304027018310e-01
5.310016511876005652e-01
8.734686279345125204e-01
9.212613424371201010e-01
-4.565661825797324713e-01
-6.352717550295687854e-01
-9.804912857684811023e-03
9.322978417893270642e-01
3.836197032625716652e-01
4.857561090453401675e-01
-7.491087183669826732e-01
-4.357293889001612186e-01
8.561564451716006108e-01
-3.460003009392291773e-01
5.764254103372068450e-02
-4.586823759720162208e-01
2.661433210311514586e-02
-3.797083550681086273e-01
-3.834360835029295700e-01
-2.333639253981019124e-01
8.329787356626410233e-01
-6.472998790756674392e-01
3.178945031469582183e-02
6.359599790777930028e-01
6.442795148963731400e-01
5.827478769848315476e-01
1.554926159775017469e-01
5.738270296250860270e-01
6.326922564061716603e-01
8.235018437330041685e-01
-7.023982246207727265e-02
2.625066930509207808e-01
3.040605986529701932e-01
-2.283800541522853500e-01
-8.842159252830448235e-01
7.140644032614948955e-01
-9.118252079909825447e-01
6.329138919423018539e-01
-1.075596879720854826e-01
-7.931074983191506167e-01
-2.301634624832922249e-01
2.817512279716871682e-01
9.071823868442605576e-01
-6.587162475282581919e-01
3.327824096806375476e-01
4.434739180046889384e-01
-3.479104834717940964e-01
2.255583217142012042e-01
-2.064249810361755699e-01
-9.381074066053503024e-01
2.180389632100621089e-01
-6.461606134167106053e-01
4.555292055869868406e-01
4.041176959624765974e-01
-3.751601750936992552e-01
2.302059183766864692e-01
5.610101473512774106e-01
-9.470310193855908665e-01
-3.960214253108180760e-01
-3.950529759984913181e-01
-7.994595280301370899e-01
5.598154673394901693e-01
-6.083408296156394002e-01
2.024528332466832836e-01
3.288147683744031546e-01
-9.455227238931258604e-01
6.300928307747752921e-01
6.739490385280220153e-01
-9.627734215443830568e-01
-4.283917057011505936e-01
-8.249522315693973429e-01
-9.339498039295293097e-01
7.103298339361516778e-01
3.383417192682860453e-01
9.121904650326662090e-01
9.630860713013735808e-01
6.721506309874736296e-02
3.492100410901297636e-01
7.627501538944587711e-01
1.234237747641286909e-02
9.158713389398462912e-01
2.231571281969231269e-01
3.549822115566512171e-01
6.578584141764727278e-01
-8.277422652567856254e-01
-7.624971358464398552e-01
-9.765213125235900904e-01
3.387072541443933993e-01
-6.536687067836322029e-02
5.389685900007892272e-01
-5.424898021385504698e-02
-1.474176572671155594e-01
5.103158977533375218e-01
4.680303145051123992e-01
