-6.907755278982136815e+00 -6.907755278982136815e+00 0.000000000000000000e+00
-6.907755278982136815e+00 -6.907755278982136815e+00 0.000000000000000000e+00
3.092244721017863185e+00 3.092244721017863185e+00 0.000000000000000000e+00
-6.907755278982136815e+00 -6.907755278982136815e+00 0.000000000000000000e+00
-6.907755278982136815e+00 -6.907755278982136815e+00 0.000000000000000000e+00
-6.907755278982136815e+00 -6.907755278982136815e+00 0.000000000000000000e+00
-6.907755278982136815e+00 -6.907755278982136815e+00 0.000000000000000000e+00
-6.907755278982136815e+00 3.092244721017863185e+00 0.000000000000000000e+00
3.092244721017863185e+00 -6.907755278982136815e+00 0.000000000000000000e+00
-6.907755278982136815e+00 -6.907755278982136815e+00 0.000000000000000000e+00
-6.907755278982136815e+00 -6.907755278982136815e+00 0.000000000000000000e+00
-6.907755278982136815e+00 -6.907755278982136815e+00 0.000000000000000000e+00
-6.907755278982136815e+00 -6.907755278982136815e+00 0.000000000000000000e+00
-6.907755278982136815e+00 -6.907755278982136815e+00 0.000000000000000000e+00
-6.907755278982136815e+00 -6.907755278982136815e+00 0.000000000000000000e+00
-6.907755278982136815e+00 -6.907755278982136815e+00 0.000000000000000000e+00
3.092244721017863185e+00 -6.907755278982136815e+00 0.000000000000000000e+00
-6.907755278982136815e+00 -6.907755278982136815e+00 0.000000000000000000e+00
-6.907755278982136815e+00 -6.907755278982136815e+00 0.000000000000000000e+00
-6.907755278982136815e+00 -6.907755278982136815e+00 0.000000000000000000e+00
-6.907755278982136815e+00 -6.907755278982136815e+00 0.000000000000000000e+00
-6.907755278982136815e+00 -6.907755278982136815e+00 0.000000000000000000e+00
-6.907755278982136815e+00 -6.907755278982136815e+00 0.000000000000000000e+00
-6.907755278982136815e+00 2.309224472101786318e+01 0.000000000000000000e+00
-6.907755278982136815e+00 -6.907755278982136815e+00 0.000000000000000000e+00
3.092244721017863185e+00 -6.907755278982136815e+00 0.000000000000000000e+00
-6.907755278982136815e+00 -6.907755278982136815e+00 0.000000000000000000e+00
-6.907755278982136815e+00 -6.907755278982136815e+00 0.000000000000000000e+00
-6.907755278982136815e+00 -6.907755278982136815e+00 0.000000000000000000e+00
-6.907755278982136815e+00 -6.907755278982136815e+00 0.000000000000000000e+00
-6.907755278982136815e+00 -6.907755278982136815e+00 0.000000000000000000e+00
2.309224472101786318e+01 -6.907755278982136815e+00 0.000000000000000000e+00
-6.907755278982136815e+00 -6.907755278982136815e+00 0.000000000000000000e+00
-6.907755278982136815e+00 -6.907755278982136815e+00 0.000000000000000000e+00
-6.907755278982136815e+00 -6.907755278982136815e+00 0.000000000000000000e+00
-6.907755278982136815e+00 -6.907755278982136815e+00 0.000000000000000000e+00
-6.907755278982136815e+00 3.092244721017863185e+00 0.000000000000000000e+00
-6.907755278982136815e+00 4.309224472101786318e+01 0.000000000000000000e+00
-6.907755278982136815e+00 -6.907755278982136815e+00 0.000000000000000000e+00
-6.907755278982136815e+00 -6.907755278982136815e+00 0.000000000000000000e+00
-6.907755278982136815e+00 3.092244721017863185e+00 0.000000000000000000e+00
-6.907755278982136815e+00 -6.907755278982136815e+00 0.000000000000000000e+00
-6.907755278982136815e+00 -6.907755278982136815e+00 0.000000000000000000e+00
-6.907755278982136815e+00 -6.907755278982136815e+00 0.000000000000000000e+00
-6.907755278982136815e+00 -6.907755278982136815e+00 0.000000000000000000e+00
-6.907755278982136815e+00 -6.907755278982136815e+00 0.000000000000000000e+00
3.092244721017863185e+00 -6.907755278982136815e+00 0.000000000000000000e+00
4.309224472101786318e+01 -6.907755278982136815e+00 0.000000000000000000e+00
-6.907755278982136815e+00 -6.907755278982136815e+00 0.000000000000000000e+00
2.309224472101786318e+01 -6.907755278982136815e+00 0.000000000000000000e+00
-6.907755278982136815e+00 -6.907755278982136815e+00 0.000000000000000000e+00
3.092244721017863185e+00 -6.907755278982136815e+00 0.000000000000000000e+00
-6.907755278982136815e+00 -6.907755278982136815e+00 0.000000000000000000e+00
-6.907755278982136815e+00 -6.907755278982136815e+00 0.000000000000000000e+00
-6.907755278982136815e+00 -6.907755278982136815e+00 0.000000000000000000e+00
-6.907755278982136815e+00 -6.907755278982136815e+00 0.000000000000000000e+00
-6.907755278982136815e+00 -6.907755278982136815e+00 0.000000000000000000e+00
-6.907755278982136815e+00 -6.907755278982136815e+00 0.000000000000000000e+00
-6.907755278982136815e+00 -6.907755278982136815e+00 0.000000000000000000e+00
-6.907755278982136815e+00 -6.907755278982136815e+00 0.000000000000000000e+00
-6.907755278982136815e+00 -6.907755278982136815e+00 0.000000000000000000e+00
-6.907755278982136815e+00 -6.907755278982136815e+00 0.000000000000000000e+00
-6.907755278982136815e+00 2.309224472101786318e+01 0.000000000000000000e+00
-6.907755278982136815e+00 -6.907755278982136815e+00 0.000000000000000000e+00
-6.907755278982136815e+00 -6.907755278982136815e+00 0.000000000000000000e+00
-6.907755278982136815e+00 -6.907755278982136815e+00 0.000000000000000000e+00
-6.907755278982136815e+00 3.092244721017863185e+00 0.000000000000000000e+00
-6.907755278982136815e+00 -6.907755278982136815e+00 0.000000000000000000e+00
-6.907755278982136815e+00 -6.907755278982136815e+00 0.000000000000000000e+00
-6.907755278982136815e+00 -6.907755278982136815e+00 0.000000000000000000e+00
-6.907755278982136815e+00 -6.907755278982136815e+00 0.000000000000000000e+00
-6.907755278982136815e+00 -6.907755278982136815e+00 0.000000000000000000e+00
-6.907755278982136815e+00 -6.907755278982136815e+00 0.000000000000000000e+00
-6.907755278982136815e+00 -6.907755278982136815e+00 0.000000000000000000e+00
-6.907755278982136815e+00 -6.907755278982136815e+00 0.000000000000000000e+00
-6.907755278982136815e+00 -6.907755278982136815e+00 0.000000000000000000e+00
-6.907755278982136815e+00 -6.907755278982136815e+00 0.000000000000000000e+00
2.309224472101786318e+01 4.309224472101786318e+01 0.000000000000000000e+00
-6.907755278982136815e+00 -6.907755278982136815e+00 0.000000000000000000e+00
-6.907755278982136815e+00 -6.907755278982136815e+00 0.000000000000000000e+00
-6.907755278982136815e+00 -6.907755278982136815e+00 0.000000000000000000e+00
-6.907755278982136815e+00 1.309224472101786318e+01 0.000000000000000000e+00
3.092244721017863185e+00 2.309224472101786318e+01 0.000000000000000000e+00
-6.907755278982136815e+00 4.309224472101786318e+01 0.000000000000000000e+00
-6.907755278982136815e+00 4.309224472101786318e+01 0.000000000000000000e+00
-6.907755278982136815e+00 4.309224472101786318e+01 0.000000000000000000e+00
-6.907755278982136815e+00 3.092244721017863185e+00 0.000000000000000000e+00
-6.907755278982136815e+00 2.309224472101786318e+01 0.000000000000000000e+00
-6.907755278982136815e+00 4.309224472101786318e+01 0.000000000000000000e+00
-6.907755278982136815e+00 3.092244721017863185e+00 0.000000000000000000e+00
-6.907755278982136815e+00 4.309224472101786318e+01 0.000000000000000000e+00
-6.907755278982136815e+00 4.309224472101786318e+01 0.000000000000000000e+00
-6.907755278982136815e+00 4.309224472101786318e+01 0.000000000000000000e+00
-6.907755278982136815e+00 5.309224472101786318e+01 0.000000000000000000e+00
4.309224472101786318e+01 2.309224472101786318e+01 0.000000000000000000e+00
-6.907755278982136815e+00 4.309224472101786318e+01 0.000000000000000000e+00
-6.907755278982136815e+00 -6.907755278982136815e+00 0.000000000000000000e+00
-6.907755278982136815e+00 4.309224472101786318e+01 0.000000000000000000e+00
-6.907755278982136815e+00 4.309224472101786318e+01 0.000000000000000000e+00
-6.907755278982136815e+00 2.309224472101786318e+01 0.000000000000000000e+00
-6.907755278982136815e+00 -6.907755278982136815e+00 0.000000000000000000e+00
-6.907755278982136815e+00 -6.907755278982136815e+00 0.000000000000000000e+00
3.092244721017863185e+00 3.092244721017863185e+00 0.000000000000000000e+00
-6.907755278982136815e+00 -6.907755278982136815e+00 0.000000000000000000e+00
-6.907755278982136815e+00 -6.907755278982136815e+00 0.000000000000000000e+00
-6.907755278982136815e+00 3.092244721017863185e+00 0.000000000000000000e+00
3.092244721017863185e+00 -6.907755278982136815e+00 0.000000000000000000e+00
-6.907755278982136815e+00 -6.907755278982136815e+00 0.000000000000000000e+00
-6.907755278982136815e+00 -6.907755278982136815e+00 0.000000000000000000e+00
-6.907755278982136815e+00 -6.907755278982136815e+00 0.000000000000000000e+00
-6.907755278982136815e+00 -6.907755278982136815e+00 0.000000000000000000e+00
-6.907755278982136815e+00 -6.907755278982136815e+00 0.000000000000000000e+00
4.309224472101786318e+01 -6.907755278982136815e+00 0.000000000000000000e+00
-6.907755278982136815e+00 1.034657671523114573e+02 0.000000000000000000e+00
-6.907755278982136815e+00 -6.907755278982136815e+00 0.000000000000000000e+00
-6.907755278982136815e+00 -6.907755278982136815e+00 0.000000000000000000e+00
1.023026850879943765e+02 -6.907755278982136815e+00 0.000000000000000000e+00
-6.907755278982136815e+00 7.309224472101786318e+01 0.000000000000000000e+00
-6.907755278982136815e+00 -6.907755278982136815e+00 0.000000000000000000e+00
1.034657671523114573e+02 1.020795665338679896e+02 0.000000000000000000e+00
-6.907755278982136815e+00 -6.907755278982136815e+00 0.000000000000000000e+00
-6.907755278982136815e+00 -6.907755278982136815e+00 0.000000000000000000e+00
-6.907755278982136815e+00 8.309224472101786318e+01 0.000000000000000000e+00
-6.907755278982136815e+00 1.042485095276616107e+02 0.000000000000000000e+00
7.309224472101786318e+01 -6.907755278982136815e+00 0.000000000000000000e+00
8.309224472101786318e+01 -6.907755278982136815e+00 0.000000000000000000e+00
-6.907755278982136815e+00 -6.907755278982136815e+00 0.000000000000000000e+00
1.020795665338679896e+02 -6.907755278982136815e+00 0.000000000000000000e+00
-6.907755278982136815e+00 -6.907755278982136815e+00 0.000000000000000000e+00
-6.907755278982136815e+00 5.309224472101786318e+01 0.000000000000000000e+00
8.309224472101786318e+01 -6.907755278982136815e+00 0.000000000000000000e+00
1.042485095276616107e+02 -6.907755278982136815e+00 0.000000000000000000e+00
-6.907755278982136815e+00 -6.907755278982136815e+00 0.000000000000000000e+00
-6.907755278982136815e+00 3.092244721017863185e+00 0.000000000000000000e+00
-6.907755278982136815e+00 5.309224472101786318e+01 0.000000000000000000e+00
-6.907755278982136815e+00 -6.907755278982136815e+00 0.000000000000000000e+00
-6.907755278982136815e+00 3.309224472101786318e+01 0.000000000000000000e+00
5.309224472101786318e+01 6.309224472101786318e+01 0.000000000000000000e+00
-6.907755278982136815e+00 2.309224472101786318e+01 0.000000000000000000e+00
-6.907755278982136815e+00 -6.907755278982136815e+00 0.000000000000000000e+00
-6.907755278982136815e+00 6.309224472101786318e+01 0.000000000000000000e+00
-6.907755278982136815e+00 -6.907755278982136815e+00 0.000000000000000000e+00
-6.907755278982136815e+00 -6.907755278982136815e+00 0.000000000000000000e+00
3.092244721017863185e+00 1.033322402238231774e+02 0.000000000000000000e+00
5.309224472101786318e+01 -6.907755278982136815e+00 0.000000000000000000e+00
-6.907755278982136815e+00 1.034012307144399472e+02 0.000000000000000000e+00
3.309224472101786318e+01 -6.907755278982136815e+00 0.000000000000000000e+00
6.309224472101786318e+01 3.092244721017863185e+00 0.000000000000000000e+00
2.309224472101786318e+01 7.309224472101786318e+01 0.000000000000000000e+00
1.042485095276616107e+02 -6.907755278982136815e+00 0.000000000000000000e+00
-6.907755278982136815e+00 -6.907755278982136815e+00 0.000000000000000000e+00
6.309224472101786318e+01 -6.907755278982136815e+00 0.000000000000000000e+00
-6.907755278982136815e+00 3.309224472101786318e+01 0.000000000000000000e+00
-6.907755278982136815e+00 -6.907755278982136815e+00 0.000000000000000000e+00
1.033322402238231774e+02 2.309224472101786318e+01 0.000000000000000000e+00
-6.907755278982136815e+00 -6.907755278982136815e+00 0.000000000000000000e+00
-6.907755278982136815e+00 -6.907755278982136815e+00 0.000000000000000000e+00
1.034012307144399472e+02 -6.907755278982136815e+00 0.000000000000000000e+00
3.309224472101786318e+01 -6.907755278982136815e+00 0.000000000000000000e+00
-6.907755278982136815e+00 5.309224472101786318e+01 0.000000000000000000e+00
3.092244721017863185e+00 -6.907755278982136815e+00 0.000000000000000000e+00
-6.907755278982136815e+00 -6.907755278982136815e+00 0.000000000000000000e+00
7.309224472101786318e+01 1.042485095276616107e+02 0.000000000000000000e+00
-6.907755278982136815e+00 -6.907755278982136815e+00 0.000000000000000000e+00
-6.907755278982136815e+00 -6.907755278982136815e+00 0.000000000000000000e+00
-6.907755278982136815e+00 -6.907755278982136815e+00 0.000000000000000000e+00
3.309224472101786318e+01 3.092244721017863185e+00 0.000000000000000000e+00
-6.907755278982136815e+00 3.092244721017863185e+00 0.000000000000000000e+00
2.309224472101786318e+01 -6.907755278982136815e+00 0.000000000000000000e+00
-6.907755278982136815e+00 -6.907755278982136815e+00 0.000000000000000000e+00
-6.907755278982136815e+00 -6.907755278982136815e+00 0.000000000000000000e+00
-6.907755278982136815e+00 1.033322402238231774e+02 0.000000000000000000e+00
-6.907755278982136815e+00 -6.907755278982136815e+00 0.000000000000000000e+00
-6.907755278982136815e+00 -6.907755278982136815e+00 0.000000000000000000e+00
5.309224472101786318e+01 -6.907755278982136815e+00 0.000000000000000000e+00
-6.907755278982136815e+00 -6.907755278982136815e+00 0.000000000000000000e+00
-6.907755278982136815e+00 -6.907755278982136815e+00 0.000000000000000000e+00
1.042485095276616107e+02 2.309224472101786318e+01 0.000000000000000000e+00
2.309224472101786318e+01 -6.907755278982136815e+00 0.000000000000000000e+00
-6.907755278982136815e+00 -6.907755278982136815e+00 0.000000000000000000e+00
-6.907755278982136815e+00 -6.907755278982136815e+00 0.000000000000000000e+00
-6.907755278982136815e+00 7.309224472101786318e+01 0.000000000000000000e+00
3.092244721017863185e+00 1.042195224109503329e+02 0.000000000000000000e+00
3.092244721017863185e+00 7.309224472101786318e+01 0.000000000000000000e+00
-6.907755278982136815e+00 2.309224472101786318e+01 0.000000000000000000e+00
-6.907755278982136815e+00 2.309224472101786318e+01 0.000000000000000000e+00
-6.907755278982136815e+00 1.039512629491657520e+02 0.000000000000000000e+00
1.033322402238231774e+02 1.042485095276616107e+02 0.000000000000000000e+00
-6.907755278982136815e+00 2.309224472101786318e+01 0.000000000000000000e+00
-6.907755278982136815e+00 5.309224472101786318e+01 0.000000000000000000e+00
-6.907755278982136815e+00 2.309224472101786318e+01 0.000000000000000000e+00
-6.907755278982136815e+00 2.309224472101786318e+01 0.000000000000000000e+00
-6.907755278982136815e+00 4.309224472101786318e+01 0.000000000000000000e+00
-6.907755278982136815e+00 7.309224472101786318e+01 0.000000000000000000e+00
2.309224472101786318e+01 6.309224472101786318e+01 0.000000000000000000e+00
-6.907755278982136815e+00 7.309224472101786318e+01 0.000000000000000000e+00
-6.907755278982136815e+00 -6.907755278982136815e+00 0.000000000000000000e+00
-6.907755278982136815e+00 2.309224472101786318e+01 0.000000000000000000e+00
-6.907755278982136815e+00 2.309224472101786318e+01 0.000000000000000000e+00
-6.907755278982136815e+00 1.040943612287498752e+02 0.000000000000000000e+00
-6.907755278982136815e+00 -6.907755278982136815e+00 0.000000000000000000e+00
-6.907755278982136815e+00 -6.907755278982136815e+00 0.000000000000000000e+00
3.092244721017863185e+00 3.092244721017863185e+00 0.000000000000000000e+00
-6.907755278982136815e+00 -6.907755278982136815e+00 0.000000000000000000e+00
-6.907755278982136815e+00 -6.907755278982136815e+00 0.000000000000000000e+00
-6.907755278982136815e+00 -6.907755278982136815e+00 0.000000000000000000e+00
-6.907755278982136815e+00 -6.907755278982136815e+00 0.000000000000000000e+00
-6.907755278982136815e+00 3.092244721017863185e+00 0.000000000000000000e+00
3.092244721017863185e+00 -6.907755278982136815e+00 0.000000000000000000e+00
-6.907755278982136815e+00 -6.907755278982136815e+00 0.000000000000000000e+00
-6.907755278982136815e+00 -6.907755278982136815e+00 0.000000000000000000e+00
-6.907755278982136815e+00 -6.907755278982136815e+00 0.000000000000000000e+00
2.309224472101786318e+01 -6.907755278982136815e+00 0.000000000000000000e+00
-6.907755278982136815e+00 2.309224472101786318e+01 0.000000000000000000e+00
-6.907755278982136815e+00 -6.907755278982136815e+00 0.000000000000000000e+00
-6.907755278982136815e+00 -6.907755278982136815e+00 0.000000000000000000e+00
2.309224472101786318e+01 -6.907755278982136815e+00 0.000000000000000000e+00
-6.907755278982136815e+00 -6.907755278982136815e+00 0.000000000000000000e+00
-6.907755278982136815e+00 -6.907755278982136815e+00 0.000000000000000000e+00
2.309224472101786318e+01 2.309224472101786318e+01 0.000000000000000000e+00
-6.907755278982136815e+00 -6.907755278982136815e+00 0.000000000000000000e+00
-6.907755278982136815e+00 -6.907755278982136815e+00 0.000000000000000000e+00
-6.907755278982136815e+00 4.309224472101786318e+01 0.000000000000000000e+00
-6.907755278982136815e+00 2.309224472101786318e+01 0.000000000000000000e+00
-6.907755278982136815e+00 -6.907755278982136815e+00 0.000000000000000000e+00
2.309224472101786318e+01 -6.907755278982136815e+00 0.000000000000000000e+00
-6.907755278982136815e+00 -6.907755278982136815e+00 0.000000000000000000e+00
2.309224472101786318e+01 -6.907755278982136815e+00 0.000000000000000000e+00
-6.907755278982136815e+00 -6.907755278982136815e+00 0.000000000000000000e+00
-6.907755278982136815e+00 3.092244721017863185e+00 0.000000000000000000e+00
4.309224472101786318e+01 -6.907755278982136815e+00 0.000000000000000000e+00
2.309224472101786318e+01 -6.907755278982136815e+00 0.000000000000000000e+00
-6.907755278982136815e+00 -6.907755278982136815e+00 0.000000000000000000e+00
-6.907755278982136815e+00 -6.907755278982136815e+00 0.000000000000000000e+00
-6.907755278982136815e+00 3.092244721017863185e+00 0.000000000000000000e+00
-6.907755278982136815e+00 -6.907755278982136815e+00 0.000000000000000000e+00
-6.907755278982136815e+00 3.092244721017863185e+00 0.000000000000000000e+00
3.092244721017863185e+00 5.309224472101786318e+01 0.000000000000000000e+00
-6.907755278982136815e+00 2.309224472101786318e+01 0.000000000000000000e+00
-6.907755278982136815e+00 -6.907755278982136815e+00 0.000000000000000000e+00
-6.907755278982136815e+00 1.309224472101786318e+01 0.000000000000000000e+00
-6.907755278982136815e+00 -6.907755278982136815e+00 0.000000000000000000e+00
-6.907755278982136815e+00 -6.907755278982136815e+00 0.000000000000000000e+00
-6.907755278982136815e+00 2.309224472101786318e+01 0.000000000000000000e+00
3.092244721017863185e+00 -6.907755278982136815e+00 0.000000000000000000e+00
-6.907755278982136815e+00 3.309224472101786318e+01 0.000000000000000000e+00
3.092244721017863185e+00 -6.907755278982136815e+00 0.000000000000000000e+00
5.309224472101786318e+01 3.092244721017863185e+00 0.000000000000000000e+00
2.309224472101786318e+01 -6.907755278982136815e+00 0.000000000000000000e+00
3.309224472101786318e+01 -6.907755278982136815e+00 0.000000000000000000e+00
-6.907755278982136815e+00 -6.907755278982136815e+00 0.000000000000000000e+00
1.309224472101786318e+01 -6.907755278982136815e+00 0.000000000000000000e+00
-6.907755278982136815e+00 1.309224472101786318e+01 0.000000000000000000e+00
-6.907755278982136815e+00 -6.907755278982136815e+00 0.000000000000000000e+00
2.309224472101786318e+01 1.309224472101786318e+01 0.000000000000000000e+00
-6.907755278982136815e+00 -6.907755278982136815e+00 0.000000000000000000e+00
-6.907755278982136815e+00 -6.907755278982136815e+00 0.000000000000000000e+00
3.309224472101786318e+01 -6.907755278982136815e+00 0.000000000000000000e+00
-6.907755278982136815e+00 -6.907755278982136815e+00 0.000000000000000000e+00
-6.907755278982136815e+00 3.092244721017863185e+00 0.000000000000000000e+00
3.092244721017863185e+00 -6.907755278982136815e+00 0.000000000000000000e+00
-6.907755278982136815e+00 -6.907755278982136815e+00 0.000000000000000000e+00
-6.907755278982136815e+00 3.309224472101786318e+01 0.000000000000000000e+00
-6.907755278982136815e+00 -6.907755278982136815e+00 0.000000000000000000e+00
-6.907755278982136815e+00 -6.907755278982136815e+00 0.000000000000000000e+00
-6.907755278982136815e+00 -6.907755278982136815e+00 0.000000000000000000e+00
1.309224472101786318e+01 -6.907755278982136815e+00 0.000000000000000000e+00
-6.907755278982136815e+00 -6.907755278982136815e+00 0.000000000000000000e+00
1.309224472101786318e+01 -6.907755278982136815e+00 0.000000000000000000e+00
-6.907755278982136815e+00 -6.907755278982136815e+00 0.000000000000000000e+00
-6.907755278982136815e+00 -6.907755278982136815e+00 0.000000000000000000e+00
-6.907755278982136815e+00 2.309224472101786318e+01 0.000000000000000000e+00
-6.907755278982136815e+00 -6.907755278982136815e+00 0.000000000000000000e+00
-6.907755278982136815e+00 -6.907755278982136815e+00 0.000000000000000000e+00
3.092244721017863185e+00 -6.907755278982136815e+00 0.000000000000000000e+00
-6.907755278982136815e+00 -6.907755278982136815e+00 0.000000000000000000e+00
-6.907755278982136815e+00 -6.907755278982136815e+00 0.000000000000000000e+00
3.309224472101786318e+01 6.309224472101786318e+01 0.000000000000000000e+00
3.092244721017863185e+00 -6.907755278982136815e+00 0.000000000000000000e+00
-6.907755278982136815e+00 -6.907755278982136815e+00 0.000000000000000000e+00
-6.907755278982136815e+00 -6.907755278982136815e+00 0.000000000000000000e+00
-6.907755278982136815e+00 4.309224472101786318e+01 0.000000000000000000e+00
-6.907755278982136815e+00 6.309224472101786318e+01 0.000000000000000000e+00
-6.907755278982136815e+00 2.309224472101786318e+01 0.000000000000000000e+00
-6.907755278982136815e+00 7.309224472101786318e+01 0.000000000000000000e+00
-6.907755278982136815e+00 2.309224472101786318e+01 0.000000000000000000e+00
-6.907755278982136815e+00 2.309224472101786318e+01 0.000000000000000000e+00
2.309224472101786318e+01 3.309224472101786318e+01 0.000000000000000000e+00
-6.907755278982136815e+00 6.309224472101786318e+01 0.000000000000000000e+00
-6.907755278982136815e+00 1.309224472101786318e+01 0.000000000000000000e+00
-6.907755278982136815e+00 6.309224472101786318e+01 0.000000000000000000e+00
-6.907755278982136815e+00 6.309224472101786318e+01 0.000000000000000000e+00
-6.907755278982136815e+00 3.309224472101786318e+01 0.000000000000000000e+00
-6.907755278982136815e+00 2.309224472101786318e+01 0.000000000000000000e+00
6.309224472101786318e+01 4.309224472101786318e+01 0.000000000000000000e+00
-6.907755278982136815e+00 7.309224472101786318e+01 0.000000000000000000e+00
-6.907755278982136815e+00 -6.907755278982136815e+00 0.000000000000000000e+00
-6.907755278982136815e+00 6.309224472101786318e+01 0.000000000000000000e+00
-6.907755278982136815e+00 2.309224472101786318e+01 0.000000000000000000e+00
-6.907755278982136815e+00 4.309224472101786318e+01 0.000000000000000000e+00
-6.907755278982136815e+00 -6.907755278982136815e+00 0.000000000000000000e+00
-6.907755278982136815e+00 -6.907755278982136815e+00 0.000000000000000000e+00
3.092244721017863185e+00 3.092244721017863185e+00 0.000000000000000000e+00
-6.907755278982136815e+00 -6.907755278982136815e+00 0.000000000000000000e+00
-6.907755278982136815e+00 -6.907755278982136815e+00 0.000000000000000000e+00
-6.907755278982136815e+00 -6.907755278982136815e+00 0.000000000000000000e+00
-6.907755278982136815e+00 -6.907755278982136815e+00 0.000000000000000000e+00
-6.907755278982136815e+00 3.092244721017863185e+00 0.000000000000000000e+00
3.092244721017863185e+00 -6.907755278982136815e+00 0.000000000000000000e+00
-6.907755278982136815e+00 -6.907755278982136815e+00 0.000000000000000000e+00
-6.907755278982136815e+00 -6.907755278982136815e+00 0.000000000000000000e+00
-6.907755278982136815e+00 -6.907755278982136815e+00 0.000000000000000000e+00
-6.907755278982136815e+00 1.224069506025127207e+00 0.000000000000000000e+00
-6.907755278982136815e+00 3.092244721017863185e+00 0.000000000000000000e+00
-6.907755278982136815e+00 -6.907755278982136815e+00 0.000000000000000000e+00
-6.907755278982136815e+00 -6.907755278982136815e+00 0.000000000000000000e+00
2.309224472101786318e+01 -6.907755278982136815e+00 0.000000000000000000e+00
1.224069506025127207e+00 3.092244721017863185e+00 0.000000000000000000e+00
-6.907755278982136815e+00 -6.907755278982136815e+00 0.000000000000000000e+00
3.092244721017863185e+00 3.092244721017863185e+00 0.000000000000000000e+00
-6.907755278982136815e+00 -6.907755278982136815e+00 0.000000000000000000e+00
-6.907755278982136815e+00 -6.907755278982136815e+00 0.000000000000000000e+00
-6.907755278982136815e+00 1.309224472101786318e+01 0.000000000000000000e+00
-6.907755278982136815e+00 2.309224472101786318e+01 0.000000000000000000e+00
3.092244721017863185e+00 -6.907755278982136815e+00 0.000000000000000000e+00
3.092244721017863185e+00 -6.907755278982136815e+00 0.000000000000000000e+00
-6.907755278982136815e+00 -6.907755278982136815e+00 0.000000000000000000e+00
3.092244721017863185e+00 -6.907755278982136815e+00 0.000000000000000000e+00
-6.907755278982136815e+00 -6.907755278982136815e+00 0.000000000000000000e+00
-6.907755278982136815e+00 2.309224472101786318e+01 0.000000000000000000e+00
1.309224472101786318e+01 3.092244721017863185e+00 0.000000000000000000e+00
2.309224472101786318e+01 -6.907755278982136815e+00 0.000000000000000000e+00
-6.907755278982136815e+00 -6.907755278982136815e+00 0.000000000000000000e+00
-6.907755278982136815e+00 -6.907755278982136815e+00 0.000000000000000000e+00
-6.907755278982136815e+00 2.309224472101786318e+01 0.000000000000000000e+00
-6.907755278982136815e+00 -6.907755278982136815e+00 0.000000000000000000e+00
-6.907755278982136815e+00 3.092244721017863185e+00 0.000000000000000000e+00
2.309224472101786318e+01 1.309224472101786318e+01 0.000000000000000000e+00
3.092244721017863185e+00 3.092244721017863185e+00 0.000000000000000000e+00
-6.907755278982136815e+00 -6.907755278982136815e+00 0.000000000000000000e+00
3.092244721017863185e+00 1.309224472101786318e+01 0.000000000000000000e+00
-6.907755278982136815e+00 -6.907755278982136815e+00 0.000000000000000000e+00
-6.907755278982136815e+00 -6.907755278982136815e+00 0.000000000000000000e+00
-6.907755278982136815e+00 3.092244721017863185e+00 0.000000000000000000e+00
2.309224472101786318e+01 -6.907755278982136815e+00 0.000000000000000000e+00
-6.907755278982136815e+00 2.309224472101786318e+01 0.000000000000000000e+00
3.092244721017863185e+00 -6.907755278982136815e+00 0.000000000000000000e+00
1.309224472101786318e+01 -6.907755278982136815e+00 0.000000000000000000e+00
3.092244721017863185e+00 -6.907755278982136815e+00 0.000000000000000000e+00
2.309224472101786318e+01 -6.907755278982136815e+00 0.000000000000000000e+00
-6.907755278982136815e+00 -6.907755278982136815e+00 0.000000000000000000e+00
1.309224472101786318e+01 -6.907755278982136815e+00 0.000000000000000000e+00
-6.907755278982136815e+00 3.092244721017863185e+00 0.000000000000000000e+00
-6.907755278982136815e+00 -6.907755278982136815e+00 0.000000000000000000e+00
3.092244721017863185e+00 3.092244721017863185e+00 0.000000000000000000e+00
2.468184273643631244e+00 -6.907755278982136815e+00 0.000000000000000000e+00
-6.907755278982136815e+00 -6.907755278982136815e+00 0.000000000000000000e+00
2.309224472101786318e+01 -6.907755278982136815e+00 0.000000000000000000e+00
3.092244721017863185e+00 -6.907755278982136815e+00 0.000000000000000000e+00
-6.907755278982136815e+00 2.309224472101786318e+01 0.000000000000000000e+00
-6.907755278982136815e+00 -6.907755278982136815e+00 0.000000000000000000e+00
-6.907755278982136815e+00 -6.907755278982136815e+00 0.000000000000000000e+00
-6.907755278982136815e+00 2.309224472101786318e+01 0.000000000000000000e+00
-6.907755278982136815e+00 -6.907755278982136815e+00 0.000000000000000000e+00
-6.907755278982136815e+00 -6.907755278982136815e+00 0.000000000000000000e+00
-6.907755278982136815e+00 -6.907755278982136815e+00 0.000000000000000000e+00
3.092244721017863185e+00 3.092244721017863185e+00 0.000000000000000000e+00
-6.907755278982136815e+00 -6.907755278982136815e+00 0.000000000000000000e+00
3.092244721017863185e+00 -6.907755278982136815e+00 0.000000000000000000e+00
-6.907755278982136815e+00 -6.907755278982136815e+00 0.000000000000000000e+00
-6.907755278982136815e+00 -6.907755278982136815e+00 0.000000000000000000e+00
-6.907755278982136815e+00 3.092244721017863185e+00 0.000000000000000000e+00
-6.907755278982136815e+00 -6.907755278982136815e+00 0.000000000000000000e+00
-6.907755278982136815e+00 -6.907755278982136815e+00 0.000000000000000000e+00
2.309224472101786318e+01 -6.907755278982136815e+00 0.000000000000000000e+00
-6.907755278982136815e+00 -6.907755278982136815e+00 0.000000000000000000e+00
-6.907755278982136815e+00 -6.907755278982136815e+00 0.000000000000000000e+00
2.309224472101786318e+01 1.309224472101786318e+01 0.000000000000000000e+00
-6.907755278982136815e+00 3.092244721017863185e+00 0.000000000000000000e+00
-6.907755278982136815e+00 -6.907755278982136815e+00 0.000000000000000000e+00
-6.907755278982136815e+00 -6.907755278982136815e+00 0.000000000000000000e+00
-6.907755278982136815e+00 3.309224472101786318e+01 0.000000000000000000e+00
3.092244721017863185e+00 1.309224472101786318e+01 0.000000000000000000e+00
-6.907755278982136815e+00 1.309224472101786318e+01 0.000000000000000000e+00
-6.907755278982136815e+00 1.309224472101786318e+01 0.000000000000000000e+00
-6.907755278982136815e+00 2.309224472101786318e+01 0.000000000000000000e+00
-6.907755278982136815e+00 3.309224472101786318e+01 0.000000000000000000e+00
3.092244721017863185e+00 2.309224472101786318e+01 0.000000000000000000e+00
-6.907755278982136815e+00 1.309224472101786318e+01 0.000000000000000000e+00
-6.907755278982136815e+00 2.309224472101786318e+01 0.000000000000000000e+00
-6.907755278982136815e+00 1.309224472101786318e+01 0.000000000000000000e+00
-6.907755278982136815e+00 2.309224472101786318e+01 0.000000000000000000e+00
-6.907755278982136815e+00 2.309224472101786318e+01 0.000000000000000000e+00
-6.907755278982136815e+00 1.309224472101786318e+01 0.000000000000000000e+00
1.309224472101786318e+01 3.092244721017863185e+00 0.000000000000000000e+00
-6.907755278982136815e+00 2.309224472101786318e+01 0.000000000000000000e+00
-6.907755278982136815e+00 -6.907755278982136815e+00 0.000000000000000000e+00
-6.907755278982136815e+00 2.309224472101786318e+01 0.000000000000000000e+00
3.092244721017863185e+00 2.309224472101786318e+01 0.000000000000000000e+00
-6.907755278982136815e+00 2.309224472101786318e+01 0.000000000000000000e+00
4.504255329283851417e+00 4.504255329283851417e+00 0.000000000000000000e+00
-6.907755278982136815e+00 -6.907755278982136815e+00 0.000000000000000000e+00
9.328843920025352077e+01 9.328843920025352077e+01 0.000000000000000000e+00
4.168229890544909999e+00 3.996382536045890443e+00 0.000000000000000000e+00
3.996382536045890443e+00 4.536902051815597581e+00 0.000000000000000000e+00
4.536902051815597581e+00 1.357797582597743791e+01 0.000000000000000000e+00
1.357797582597743791e+01 4.039553931205936976e+00 0.000000000000000000e+00
4.039553931205936976e+00 4.149479634189457755e+00 0.000000000000000000e+00
4.149479634189457755e+00 3.092244721017863185e+00 0.000000000000000000e+00
3.092244721017863185e+00 -6.907755278982136815e+00 0.000000000000000000e+00
3.996382536045890443e+00 4.504255329283851417e+00 0.000000000000000000e+00
3.996382536045890443e+00 4.248509527661608942e+00 0.000000000000000000e+00
3.452397097649071611e+01 4.549668046826486290e+00 0.000000000000000000e+00
-6.907755278982136815e+00 3.092244721017863185e+00 0.000000000000000000e+00
4.504255329283851417e+00 3.996382536045890443e+00 0.000000000000000000e+00
4.248509527661608942e+00 4.517442188651062729e+00 0.000000000000000000e+00
6.309224472101786318e+01 -6.907755278982136815e+00 0.000000000000000000e+00
4.549668046826486290e+00 1.450425532928385053e+01 0.000000000000000000e+00
-6.907755278982136815e+00 4.456681778530432680e+00 0.000000000000000000e+00
3.092244721017863185e+00 3.092244721017863185e+00 0.000000000000000000e+00
3.996382536045890443e+00 4.248509527661608942e+00 0.000000000000000000e+00
4.039553931205936976e+00 4.605180185938091419e+00 0.000000000000000000e+00
4.517442188651062729e+00 4.309224472101786318e+01 0.000000000000000000e+00
-6.907755278982136815e+00 1.041682298905449073e+02 0.000000000000000000e+00
1.450425532928385053e+01 -6.907755278982136815e+00 0.000000000000000000e+00
1.448414314422905846e+01 -6.907755278982136815e+00 0.000000000000000000e+00
4.456681778530432680e+00 4.222459227498521983e+00 0.000000000000000000e+00
3.092244721017863185e+00 3.996382536045890443e+00 0.000000000000000000e+00
4.248509527661608942e+00 3.985292054355596747e+00 0.000000000000000000e+00
4.605180185938091419e+00 1.035085858396542307e+02 0.000000000000000000e+00
4.309224472101786318e+01 3.703792696846238908e+00 0.000000000000000000e+00
1.041682298905449073e+02 3.879520474666178220e+00 0.000000000000000000e+00
-6.907755278982136815e+00 3.996382536045890443e+00 0.000000000000000000e+00
-6.907755278982136815e+00 3.092244721017863185e+00 0.000000000000000000e+00
4.222459227498521983e+00 1.035085858396542307e+02 0.000000000000000000e+00
3.996382536045890443e+00 4.222459227498521983e+00 0.000000000000000000e+00
3.985292054355596747e+00 2.309224472101786318e+01 0.000000000000000000e+00
1.035085858396542307e+02 1.044067314423118518e+02 0.000000000000000000e+00
3.703792696846238908e+00 3.092244721017863185e+00 0.000000000000000000e+00
3.879520474666178220e+00 4.248509527661608942e+00 0.000000000000000000e+00
4.039553931205936976e+00 2.450425532928385053e+01 0.000000000000000000e+00
3.996382536045890443e+00 3.673791196692470340e+00 0.000000000000000000e+00
4.091022383224800052e+00 4.456681778530432680e+00 0.000000000000000000e+00
3.092244721017863185e+00 3.092244721017863185e+00 0.000000000000000000e+00
1.035085858396542307e+02 -6.907755278982136815e+00 0.000000000000000000e+00
4.222459227498521983e+00 4.309224472101786318e+01 0.000000000000000000e+00
2.309224472101786318e+01 -6.907755278982136815e+00 0.000000000000000000e+00
1.044067314423118518e+02 1.309224472101786318e+01 0.000000000000000000e+00
3.092244721017863185e+00 -9.137938516749841700e-01 0.000000000000000000e+00
1.041682298905449073e+02 4.248509527661608942e+00 0.000000000000000000e+00
4.248509527661608942e+00 4.456681778530432680e+00 0.000000000000000000e+00
2.450425532928385053e+01 4.039553931205936976e+00 0.000000000000000000e+00
3.673791196692470340e+00 3.092244721017863185e+00 0.000000000000000000e+00
4.456681778530432680e+00 3.985292054355596747e+00 0.000000000000000000e+00
3.092244721017863185e+00 3.927916039430064288e+00 0.000000000000000000e+00
4.456681778530432680e+00 -6.907755278982136815e+00 0.000000000000000000e+00
-6.907755278982136815e+00 4.504255329283851417e+00 0.000000000000000000e+00
4.309224472101786318e+01 1.032189158240682332e+02 0.000000000000000000e+00
3.092244721017863185e+00 4.568516575006680291e+00 0.000000000000000000e+00
-6.907755278982136815e+00 1.035085858396542307e+02 0.000000000000000000e+00
1.309224472101786318e+01 4.456681778530432680e+00 0.000000000000000000e+00
1.269469474605506676e+01 4.549668046826486290e+00 0.000000000000000000e+00
-9.137938516749841700e-01 1.041682298905449073e+02 0.000000000000000000e+00
4.248509527661608942e+00 -6.907755278982136815e+00 0.000000000000000000e+00
4.456681778530432680e+00 3.996382536045890443e+00 0.000000000000000000e+00
4.039553931205936976e+00 3.939657627524792538e+00 0.000000000000000000e+00
3.092244721017863185e+00 6.333224022382318452e+01 0.000000000000000000e+00
3.985292054355596747e+00 3.673791196692470340e+00 0.000000000000000000e+00
3.927916039430064288e+00 4.504255329283851417e+00 0.000000000000000000e+00
-6.907755278982136815e+00 -6.907755278982136815e+00 0.000000000000000000e+00
-6.907755278982136815e+00 3.974077193163424671e+00 0.000000000000000000e+00
4.504255329283851417e+00 3.092244721017863185e+00 0.000000000000000000e+00
1.032189158240682332e+02 2.565026277580049197e+00 0.000000000000000000e+00
4.568516575006680291e+00 4.110890257481568888e+00 0.000000000000000000e+00
1.035085858396542307e+02 4.039553931205936976e+00 0.000000000000000000e+00
4.456681778530432680e+00 4.149479634189457755e+00 0.000000000000000000e+00
4.549668046826486290e+00 4.039553931205936976e+00 0.000000000000000000e+00
1.041682298905449073e+02 1.044067314423118518e+02 0.000000000000000000e+00
2.450425532928385053e+01 -6.907755278982136815e+00 0.000000000000000000e+00
-6.907755278982136815e+00 4.456681778530432680e+00 0.000000000000000000e+00
3.996382536045890443e+00 4.456681778530432680e+00 0.000000000000000000e+00
3.939657627524792538e+00 6.309224472101786318e+01 0.000000000000000000e+00
6.333224022382318452e+01 1.044566817785304380e+02 0.000000000000000000e+00
3.673791196692470340e+00 1.043919893416880882e+02 0.000000000000000000e+00
4.504255329283851417e+00 1.044067314423118518e+02 0.000000000000000000e+00
-6.907755278982136815e+00 4.050061724776559124e+00 0.000000000000000000e+00
3.974077193163424671e+00 2.309224472101786318e+01 0.000000000000000000e+00
3.092244721017863185e+00 1.041682298905449073e+02 0.000000000000000000e+00
2.565026277580049197e+00 1.044067314423118518e+02 0.000000000000000000e+00
4.110890257481568888e+00 1.309224472101786318e+01 0.000000000000000000e+00
4.039553931205936976e+00 1.044067314423118518e+02 0.000000000000000000e+00
4.149479634189457755e+00 1.044067314423118518e+02 0.000000000000000000e+00
4.248509527661608942e+00 1.044067314423118518e+02 0.000000000000000000e+00
4.039553931205936976e+00 1.044566817785304380e+02 0.000000000000000000e+00
1.044067314423118518e+02 1.045174421886510601e+02 0.000000000000000000e+00
4.504255329283851417e+00 1.044067314423118518e+02 0.000000000000000000e+00
3.434019462029390901e+00 4.456681778530432680e+00 0.000000000000000000e+00
3.996382536045890443e+00 1.044067314423118518e+02 0.000000000000000000e+00
-6.907755278982136815e+00 1.043386101314916203e+02 0.000000000000000000e+00
4.456681778530432680e+00 1.042485095276616107e+02 0.000000000000000000e+00
-6.907755278982136815e+00 -6.907755278982136815e+00 0.000000000000000000e+00
-6.907755278982136815e+00 -6.907755278982136815e+00 0.000000000000000000e+00
3.092244721017863185e+00 3.092244721017863185e+00 0.000000000000000000e+00
-6.907755278982136815e+00 -6.907755278982136815e+00 0.000000000000000000e+00
-6.907755278982136815e+00 -6.907755278982136815e+00 0.000000000000000000e+00
-6.907755278982136815e+00 -6.907755278982136815e+00 0.000000000000000000e+00
-6.907755278982136815e+00 -6.907755278982136815e+00 0.000000000000000000e+00
-6.907755278982136815e+00 -6.907755278982136815e+00 0.000000000000000000e+00
-6.907755278982136815e+00 3.092244721017863185e+00 0.000000000000000000e+00
3.092244721017863185e+00 -6.907755278982136815e+00 0.000000000000000000e+00
-6.907755278982136815e+00 -6.907755278982136815e+00 0.000000000000000000e+00
-6.907755278982136815e+00 -6.907755278982136815e+00 0.000000000000000000e+00
3.092244721017863185e+00 -6.907755278982136815e+00 0.000000000000000000e+00
-6.907755278982136815e+00 -6.907755278982136815e+00 0.000000000000000000e+00
-6.907755278982136815e+00 -6.907755278982136815e+00 0.000000000000000000e+00
-6.907755278982136815e+00 -6.907755278982136815e+00 0.000000000000000000e+00
3.309224472101786318e+01 -6.907755278982136815e+00 0.000000000000000000e+00
-6.907755278982136815e+00 -6.907755278982136815e+00 0.000000000000000000e+00
-6.907755278982136815e+00 -6.907755278982136815e+00 0.000000000000000000e+00
-6.907755278982136815e+00 -6.907755278982136815e+00 0.000000000000000000e+00
-6.907755278982136815e+00 -6.907755278982136815e+00 0.000000000000000000e+00
-6.907755278982136815e+00 -6.907755278982136815e+00 0.000000000000000000e+00
-6.907755278982136815e+00 3.309224472101786318e+01 0.000000000000000000e+00
-6.907755278982136815e+00 2.309224472101786318e+01 0.000000000000000000e+00
-6.907755278982136815e+00 -6.907755278982136815e+00 0.000000000000000000e+00
-6.907755278982136815e+00 -6.907755278982136815e+00 0.000000000000000000e+00
-6.907755278982136815e+00 -6.907755278982136815e+00 0.000000000000000000e+00
-6.907755278982136815e+00 -6.907755278982136815e+00 0.000000000000000000e+00
-6.907755278982136815e+00 -6.907755278982136815e+00 0.000000000000000000e+00
-6.907755278982136815e+00 3.092244721017863185e+00 0.000000000000000000e+00
3.309224472101786318e+01 -6.907755278982136815e+00 0.000000000000000000e+00
2.309224472101786318e+01 -6.907755278982136815e+00 0.000000000000000000e+00
-6.907755278982136815e+00 -6.907755278982136815e+00 0.000000000000000000e+00
-6.907755278982136815e+00 -6.907755278982136815e+00 0.000000000000000000e+00
-6.907755278982136815e+00 3.092244721017863185e+00 0.000000000000000000e+00
-6.907755278982136815e+00 -6.907755278982136815e+00 0.000000000000000000e+00
-6.907755278982136815e+00 3.092244721017863185e+00 0.000000000000000000e+00
3.092244721017863185e+00 3.092244721017863185e+00 0.000000000000000000e+00
-6.907755278982136815e+00 -6.907755278982136815e+00 0.000000000000000000e+00
-6.907755278982136815e+00 -6.907755278982136815e+00 0.000000000000000000e+00
-6.907755278982136815e+00 -6.907755278982136815e+00 0.000000000000000000e+00
-6.907755278982136815e+00 -6.907755278982136815e+00 0.000000000000000000e+00
-6.907755278982136815e+00 -6.907755278982136815e+00 0.000000000000000000e+00
-6.907755278982136815e+00 -6.907755278982136815e+00 0.000000000000000000e+00
3.092244721017863185e+00 -6.907755278982136815e+00 0.000000000000000000e+00
-6.907755278982136815e+00 4.309224472101786318e+01 0.000000000000000000e+00
3.092244721017863185e+00 -6.907755278982136815e+00 0.000000000000000000e+00
3.092244721017863185e+00 3.092244721017863185e+00 0.000000000000000000e+00
-6.907755278982136815e+00 -6.907755278982136815e+00 0.000000000000000000e+00
2.309224472101786318e+01 -6.907755278982136815e+00 0.000000000000000000e+00
-6.907755278982136815e+00 -6.907755278982136815e+00 0.000000000000000000e+00
-6.907755278982136815e+00 -6.907755278982136815e+00 0.000000000000000000e+00
-6.907755278982136815e+00 -6.907755278982136815e+00 0.000000000000000000e+00
-6.907755278982136815e+00 -6.907755278982136815e+00 0.000000000000000000e+00
-6.907755278982136815e+00 -6.907755278982136815e+00 0.000000000000000000e+00
-6.907755278982136815e+00 -6.907755278982136815e+00 0.000000000000000000e+00
-6.907755278982136815e+00 -6.907755278982136815e+00 0.000000000000000000e+00
4.309224472101786318e+01 -6.907755278982136815e+00 0.000000000000000000e+00
3.092244721017863185e+00 -6.907755278982136815e+00 0.000000000000000000e+00
-6.907755278982136815e+00 3.092244721017863185e+00 0.000000000000000000e+00
3.092244721017863185e+00 -6.907755278982136815e+00 0.000000000000000000e+00
-6.907755278982136815e+00 -6.907755278982136815e+00 0.000000000000000000e+00
-6.907755278982136815e+00 3.092244721017863185e+00 0.000000000000000000e+00
-6.907755278982136815e+00 -6.907755278982136815e+00 0.000000000000000000e+00
-6.907755278982136815e+00 -6.907755278982136815e+00 0.000000000000000000e+00
-6.907755278982136815e+00 -6.907755278982136815e+00 0.000000000000000000e+00
-6.907755278982136815e+00 -6.907755278982136815e+00 0.000000000000000000e+00
-6.907755278982136815e+00 -6.907755278982136815e+00 0.000000000000000000e+00
-6.907755278982136815e+00 -6.907755278982136815e+00 0.000000000000000000e+00
-6.907755278982136815e+00 -6.907755278982136815e+00 0.000000000000000000e+00
-6.907755278982136815e+00 -6.907755278982136815e+00 0.000000000000000000e+00
-6.907755278982136815e+00 -6.907755278982136815e+00 0.000000000000000000e+00
-6.907755278982136815e+00 -6.907755278982136815e+00 0.000000000000000000e+00
-6.907755278982136815e+00 -6.907755278982136815e+00 0.000000000000000000e+00
3.092244721017863185e+00 -6.907755278982136815e+00 0.000000000000000000e+00
-6.907755278982136815e+00 -6.907755278982136815e+00 0.000000000000000000e+00
-6.907755278982136815e+00 -6.907755278982136815e+00 0.000000000000000000e+00
3.092244721017863185e+00 3.092244721017863185e+00 0.000000000000000000e+00
3.092244721017863185e+00 -6.907755278982136815e+00 0.000000000000000000e+00
-6.907755278982136815e+00 -6.907755278982136815e+00 0.000000000000000000e+00
-6.907755278982136815e+00 1.038918407060656506e+02 0.000000000000000000e+00
-6.907755278982136815e+00 2.309224472101786318e+01 0.000000000000000000e+00
-6.907755278982136815e+00 3.092244721017863185e+00 0.000000000000000000e+00
-6.907755278982136815e+00 3.092244721017863185e+00 0.000000000000000000e+00
-6.907755278982136815e+00 3.092244721017863185e+00 0.000000000000000000e+00
-6.907755278982136815e+00 -6.907755278982136815e+00 0.000000000000000000e+00
-6.907755278982136815e+00 6.309224472101786318e+01 0.000000000000000000e+00
-6.907755278982136815e+00 2.309224472101786318e+01 0.000000000000000000e+00
-6.907755278982136815e+00 3.092244721017863185e+00 0.000000000000000000e+00
-6.907755278982136815e+00 7.309224472101786318e+01 0.000000000000000000e+00
-6.907755278982136815e+00 3.092244721017863185e+00 0.000000000000000000e+00
-6.907755278982136815e+00 3.092244721017863185e+00 0.000000000000000000e+00
-6.907755278982136815e+00 3.309224472101786318e+01 0.000000000000000000e+00
-6.907755278982136815e+00 -6.907755278982136815e+00 0.000000000000000000e+00
3.092244721017863185e+00 1.309224472101786318e+01 0.000000000000000000e+00
-6.907755278982136815e+00 3.092244721017863185e+00 0.000000000000000000e+00
-6.907755278982136815e+00 -6.907755278982136815e+00 0.000000000000000000e+00
-6.907755278982136815e+00 3.092244721017863185e+00 0.000000000000000000e+00
-6.907755278982136815e+00 3.092244721017863185e+00 0.000000000000000000e+00
-6.907755278982136815e+00 1.309224472101786318e+01 0.000000000000000000e+00
-6.907755278982136815e+00 -6.907755278982136815e+00 0.000000000000000000e+00
-6.907755278982136815e+00 -6.907755278982136815e+00 0.000000000000000000e+00
6.309224472101786318e+01 6.309224472101786318e+01 0.000000000000000000e+00
-6.907755278982136815e+00 -6.907755278982136815e+00 0.000000000000000000e+00
-6.907755278982136815e+00 -6.907755278982136815e+00 0.000000000000000000e+00
-6.907755278982136815e+00 -6.907755278982136815e+00 0.000000000000000000e+00
-6.907755278982136815e+00 -6.907755278982136815e+00 0.000000000000000000e+00
-6.907755278982136815e+00 4.309224472101786318e+01 0.000000000000000000e+00
4.309224472101786318e+01 -6.907755278982136815e+00 0.000000000000000000e+00
-6.907755278982136815e+00 -6.907755278982136815e+00 0.000000000000000000e+00
-6.907755278982136815e+00 -6.907755278982136815e+00 0.000000000000000000e+00
-6.907755278982136815e+00 -6.907755278982136815e+00 0.000000000000000000e+00
3.092244721017863185e+00 -6.907755278982136815e+00 0.000000000000000000e+00
-6.907755278982136815e+00 -6.907755278982136815e+00 0.000000000000000000e+00
-6.907755278982136815e+00 -6.907755278982136815e+00 0.000000000000000000e+00
-6.907755278982136815e+00 -6.907755278982136815e+00 0.000000000000000000e+00
1.033534416822495245e+02 -6.907755278982136815e+00 0.000000000000000000e+00
-6.907755278982136815e+00 3.309224472101786318e+01 0.000000000000000000e+00
-6.907755278982136815e+00 -6.907755278982136815e+00 0.000000000000000000e+00
-6.907755278982136815e+00 7.309224472101786318e+01 0.000000000000000000e+00
-6.907755278982136815e+00 -6.907755278982136815e+00 0.000000000000000000e+00
-6.907755278982136815e+00 -6.907755278982136815e+00 0.000000000000000000e+00
-6.907755278982136815e+00 -6.907755278982136815e+00 0.000000000000000000e+00
-6.907755278982136815e+00 8.309224472101786318e+01 0.000000000000000000e+00
3.309224472101786318e+01 -6.907755278982136815e+00 0.000000000000000000e+00
7.309224472101786318e+01 -6.907755278982136815e+00 0.000000000000000000e+00
-6.907755278982136815e+00 -6.907755278982136815e+00 0.000000000000000000e+00
7.309224472101786318e+01 -6.907755278982136815e+00 0.000000000000000000e+00
-6.907755278982136815e+00 -6.907755278982136815e+00 0.000000000000000000e+00
-6.907755278982136815e+00 6.309224472101786318e+01 0.000000000000000000e+00
-6.907755278982136815e+00 1.309224472101786318e+01 0.000000000000000000e+00
8.309224472101786318e+01 -6.907755278982136815e+00 0.000000000000000000e+00
-6.907755278982136815e+00 -6.907755278982136815e+00 0.000000000000000000e+00
-6.907755278982136815e+00 3.092244721017863185e+00 0.000000000000000000e+00
-6.907755278982136815e+00 6.309224472101786318e+01 0.000000000000000000e+00
-6.907755278982136815e+00 -6.907755278982136815e+00 0.000000000000000000e+00
-6.907755278982136815e+00 -6.907755278982136815e+00 0.000000000000000000e+00
6.309224472101786318e+01 -6.907755278982136815e+00 0.000000000000000000e+00
1.309224472101786318e+01 4.309224472101786318e+01 0.000000000000000000e+00
-6.907755278982136815e+00 -6.907755278982136815e+00 0.000000000000000000e+00
-6.907755278982136815e+00 3.092244721017863185e+00 0.000000000000000000e+00
-6.907755278982136815e+00 -6.907755278982136815e+00 0.000000000000000000e+00
-6.907755278982136815e+00 -6.907755278982136815e+00 0.000000000000000000e+00
3.092244721017863185e+00 7.309224472101786318e+01 0.000000000000000000e+00
6.309224472101786318e+01 -6.907755278982136815e+00 0.000000000000000000e+00
-6.907755278982136815e+00 7.309224472101786318e+01 0.000000000000000000e+00
-6.907755278982136815e+00 -6.907755278982136815e+00 0.000000000000000000e+00
-6.907755278982136815e+00 -6.907755278982136815e+00 0.000000000000000000e+00
4.309224472101786318e+01 2.309224472101786318e+01 0.000000000000000000e+00
8.309224472101786318e+01 -6.907755278982136815e+00 0.000000000000000000e+00
-6.907755278982136815e+00 -6.907755278982136815e+00 0.000000000000000000e+00
3.092244721017863185e+00 -6.907755278982136815e+00 0.000000000000000000e+00
-6.907755278982136815e+00 7.309224472101786318e+01 0.000000000000000000e+00
-6.907755278982136815e+00 -6.907755278982136815e+00 0.000000000000000000e+00
7.309224472101786318e+01 1.309224472101786318e+01 0.000000000000000000e+00
-6.907755278982136815e+00 -6.907755278982136815e+00 0.000000000000000000e+00
-6.907755278982136815e+00 -6.907755278982136815e+00 0.000000000000000000e+00
7.309224472101786318e+01 -6.907755278982136815e+00 0.000000000000000000e+00
5.309224472101786318e+01 -6.907755278982136815e+00 0.000000000000000000e+00
-6.907755278982136815e+00 6.309224472101786318e+01 0.000000000000000000e+00
-6.907755278982136815e+00 -6.907755278982136815e+00 0.000000000000000000e+00
-6.907755278982136815e+00 -6.907755278982136815e+00 0.000000000000000000e+00
2.309224472101786318e+01 6.309224472101786318e+01 0.000000000000000000e+00
-6.907755278982136815e+00 -6.907755278982136815e+00 0.000000000000000000e+00
-6.907755278982136815e+00 -6.907755278982136815e+00 0.000000000000000000e+00
-6.907755278982136815e+00 -6.907755278982136815e+00 0.000000000000000000e+00
7.309224472101786318e+01 -6.907755278982136815e+00 0.000000000000000000e+00
-6.907755278982136815e+00 3.092244721017863185e+00 0.000000000000000000e+00
1.309224472101786318e+01 -6.907755278982136815e+00 0.000000000000000000e+00
-6.907755278982136815e+00 -6.907755278982136815e+00 0.000000000000000000e+00
3.092244721017863185e+00 -6.907755278982136815e+00 0.000000000000000000e+00
-6.907755278982136815e+00 7.309224472101786318e+01 0.000000000000000000e+00
-6.907755278982136815e+00 -6.907755278982136815e+00 0.000000000000000000e+00
-6.907755278982136815e+00 -6.907755278982136815e+00 0.000000000000000000e+00
6.309224472101786318e+01 -6.907755278982136815e+00 0.000000000000000000e+00
-6.907755278982136815e+00 -6.907755278982136815e+00 0.000000000000000000e+00
-6.907755278982136815e+00 -6.907755278982136815e+00 0.000000000000000000e+00
6.309224472101786318e+01 -6.907755278982136815e+00 0.000000000000000000e+00
-6.907755278982136815e+00 -6.907755278982136815e+00 0.000000000000000000e+00
-6.907755278982136815e+00 -6.907755278982136815e+00 0.000000000000000000e+00
-6.907755278982136815e+00 -6.907755278982136815e+00 0.000000000000000000e+00
-6.907755278982136815e+00 5.309224472101786318e+01 0.000000000000000000e+00
-6.907755278982136815e+00 -6.907755278982136815e+00 0.000000000000000000e+00
3.092244721017863185e+00 -6.907755278982136815e+00 0.000000000000000000e+00
-6.907755278982136815e+00 -6.907755278982136815e+00 0.000000000000000000e+00
-6.907755278982136815e+00 -6.907755278982136815e+00 0.000000000000000000e+00
-6.907755278982136815e+00 6.309224472101786318e+01 0.000000000000000000e+00
7.309224472101786318e+01 7.309224472101786318e+01 0.000000000000000000e+00
-6.907755278982136815e+00 -6.907755278982136815e+00 0.000000000000000000e+00
-6.907755278982136815e+00 1.028094629345119557e+02 0.000000000000000000e+00
-6.907755278982136815e+00 -6.907755278982136815e+00 0.000000000000000000e+00
-6.907755278982136815e+00 -6.907755278982136815e+00 0.000000000000000000e+00
-6.907755278982136815e+00 -6.907755278982136815e+00 0.000000000000000000e+00
-6.907755278982136815e+00 -6.907755278982136815e+00 0.000000000000000000e+00
-6.907755278982136815e+00 -6.907755278982136815e+00 0.000000000000000000e+00
-6.907755278982136815e+00 -6.907755278982136815e+00 0.000000000000000000e+00
-6.907755278982136815e+00 -6.907755278982136815e+00 0.000000000000000000e+00
-6.907755278982136815e+00 -6.907755278982136815e+00 0.000000000000000000e+00
-6.907755278982136815e+00 -6.907755278982136815e+00 0.000000000000000000e+00
-6.907755278982136815e+00 3.092244721017863185e+00 0.000000000000000000e+00
-6.907755278982136815e+00 -6.907755278982136815e+00 0.000000000000000000e+00
-6.907755278982136815e+00 -6.907755278982136815e+00 0.000000000000000000e+00
-6.907755278982136815e+00 -6.907755278982136815e+00 0.000000000000000000e+00
-6.907755278982136815e+00 -6.907755278982136815e+00 0.000000000000000000e+00
-6.907755278982136815e+00 -6.907755278982136815e+00 0.000000000000000000e+00
-6.907755278982136815e+00 -6.907755278982136815e+00 0.000000000000000000e+00
-6.907755278982136815e+00 -6.907755278982136815e+00 0.000000000000000000e+00
-6.907755278982136815e+00 -6.907755278982136815e+00 0.000000000000000000e+00
-6.907755278982136815e+00 -6.907755278982136815e+00 0.000000000000000000e+00
-6.907755278982136815e+00 -6.907755278982136815e+00 0.000000000000000000e+00
-6.907755278982136815e+00 -6.907755278982136815e+00 0.000000000000000000e+00
-6.907755278982136815e+00 -6.907755278982136815e+00 0.000000000000000000e+00
2.309224472101786318e+01 -6.907755278982136815e+00 0.000000000000000000e+00
-6.907755278982136815e+00 1.033945419499953289e+02 0.000000000000000000e+00
-6.907755278982136815e+00 -6.907755278982136815e+00 0.000000000000000000e+00
-6.907755278982136815e+00 -6.907755278982136815e+00 0.000000000000000000e+00
4.309224472101786318e+01 -6.907755278982136815e+00 0.000000000000000000e+00
-6.907755278982136815e+00 -6.907755278982136815e+00 0.000000000000000000e+00
-6.907755278982136815e+00 -6.907755278982136815e+00 0.000000000000000000e+00
1.033945419499953289e+02 1.033945419499953289e+02 0.000000000000000000e+00
-6.907755278982136815e+00 -6.907755278982136815e+00 0.000000000000000000e+00
-6.907755278982136815e+00 -6.907755278982136815e+00 0.000000000000000000e+00
-6.907755278982136815e+00 1.309224472101786318e+01 0.000000000000000000e+00
-6.907755278982136815e+00 1.309224472101786318e+01 0.000000000000000000e+00
-6.907755278982136815e+00 -6.907755278982136815e+00 0.000000000000000000e+00
1.033534416822495245e+02 -6.907755278982136815e+00 0.000000000000000000e+00
-6.907755278982136815e+00 -6.907755278982136815e+00 0.000000000000000000e+00
1.033945419499953289e+02 -6.907755278982136815e+00 0.000000000000000000e+00
-6.907755278982136815e+00 -6.907755278982136815e+00 0.000000000000000000e+00
-6.907755278982136815e+00 3.092244721017863185e+00 0.000000000000000000e+00
1.309224472101786318e+01 -6.907755278982136815e+00 0.000000000000000000e+00
1.309224472101786318e+01 -6.907755278982136815e+00 0.000000000000000000e+00
-6.907755278982136815e+00 -6.907755278982136815e+00 0.000000000000000000e+00
-6.907755278982136815e+00 -6.907755278982136815e+00 0.000000000000000000e+00
-6.907755278982136815e+00 3.092244721017863185e+00 0.000000000000000000e+00
-6.907755278982136815e+00 -6.907755278982136815e+00 0.000000000000000000e+00
-6.907755278982136815e+00 1.309224472101786318e+01 0.000000000000000000e+00
3.092244721017863185e+00 2.309224472101786318e+01 0.000000000000000000e+00
-6.907755278982136815e+00 1.309224472101786318e+01 0.000000000000000000e+00
-6.907755278982136815e+00 -6.907755278982136815e+00 0.000000000000000000e+00
1.371846252790559184e+01 3.092244721017863185e+00 0.000000000000000000e+00
-6.907755278982136815e+00 -6.907755278982136815e+00 0.000000000000000000e+00
-6.907755278982136815e+00 -6.907755278982136815e+00 0.000000000000000000e+00
-6.907755278982136815e+00 1.033945419499953289e+02 0.000000000000000000e+00
3.092244721017863185e+00 -6.907755278982136815e+00 0.000000000000000000e+00
-6.907755278982136815e+00 2.309224472101786318e+01 0.000000000000000000e+00
1.309224472101786318e+01 -6.907755278982136815e+00 0.000000000000000000e+00
2.309224472101786318e+01 2.309224472101786318e+01 0.000000000000000000e+00
1.309224472101786318e+01 3.092244721017863185e+00 0.000000000000000000e+00
1.309224472101786318e+01 -6.907755278982136815e+00 0.000000000000000000e+00
-6.907755278982136815e+00 -6.907755278982136815e+00 0.000000000000000000e+00
3.092244721017863185e+00 -6.907755278982136815e+00 0.000000000000000000e+00
-6.907755278982136815e+00 1.033322402238231916e+02 0.000000000000000000e+00
-6.907755278982136815e+00 -6.907755278982136815e+00 0.000000000000000000e+00
1.033945419499953289e+02 2.309224472101786318e+01 0.000000000000000000e+00
-6.907755278982136815e+00 -6.907755278982136815e+00 0.000000000000000000e+00
-6.907755278982136815e+00 -6.907755278982136815e+00 0.000000000000000000e+00
2.309224472101786318e+01 -6.907755278982136815e+00 0.000000000000000000e+00
3.092244721017863185e+00 -6.907755278982136815e+00 0.000000000000000000e+00
-6.907755278982136815e+00 3.092244721017863185e+00 0.000000000000000000e+00
2.309224472101786318e+01 -6.907755278982136815e+00 0.000000000000000000e+00
-6.907755278982136815e+00 -6.907755278982136815e+00 0.000000000000000000e+00
3.092244721017863185e+00 1.309224472101786318e+01 0.000000000000000000e+00
-6.907755278982136815e+00 -6.907755278982136815e+00 0.000000000000000000e+00
-6.907755278982136815e+00 -6.907755278982136815e+00 0.000000000000000000e+00
-6.907755278982136815e+00 -6.907755278982136815e+00 0.000000000000000000e+00
1.033322402238231916e+02 4.309224472101786318e+01 0.000000000000000000e+00
-6.907755278982136815e+00 -6.907755278982136815e+00 0.000000000000000000e+00
2.309224472101786318e+01 -6.907755278982136815e+00 0.000000000000000000e+00
-6.907755278982136815e+00 -6.907755278982136815e+00 0.000000000000000000e+00
-6.907755278982136815e+00 -6.907755278982136815e+00 0.000000000000000000e+00
-6.907755278982136815e+00 1.033945419499953289e+02 0.000000000000000000e+00
-6.907755278982136815e+00 -6.907755278982136815e+00 0.000000000000000000e+00
-6.907755278982136815e+00 -6.907755278982136815e+00 0.000000000000000000e+00
3.092244721017863185e+00 -6.907755278982136815e+00 0.000000000000000000e+00
-6.907755278982136815e+00 -6.907755278982136815e+00 0.000000000000000000e+00
-6.907755278982136815e+00 -6.907755278982136815e+00 0.000000000000000000e+00
1.309224472101786318e+01 2.309224472101786318e+01 0.000000000000000000e+00
2.309224472101786318e+01 -6.907755278982136815e+00 0.000000000000000000e+00
-6.907755278982136815e+00 -6.907755278982136815e+00 0.000000000000000000e+00
-6.907755278982136815e+00 5.309224472101786318e+01 0.000000000000000000e+00
-6.907755278982136815e+00 2.309224472101786318e+01 0.000000000000000000e+00
4.309224472101786318e+01 1.309224472101786318e+01 0.000000000000000000e+00
-6.907755278982136815e+00 1.039279160394300590e+02 0.000000000000000000e+00
-6.907755278982136815e+00 1.041399709969142577e+02 0.000000000000000000e+00
-6.907755278982136815e+00 2.309224472101786318e+01 0.000000000000000000e+00
-6.907755278982136815e+00 2.309224472101786318e+01 0.000000000000000000e+00
1.033945419499953289e+02 1.309224472101786318e+01 0.000000000000000000e+00
-6.907755278982136815e+00 3.309224472101786318e+01 0.000000000000000000e+00
-6.907755278982136815e+00 2.309224472101786318e+01 0.000000000000000000e+00
-6.907755278982136815e+00 5.309224472101786318e+01 0.000000000000000000e+00
-6.907755278982136815e+00 1.040910223832247965e+02 0.000000000000000000e+00
-6.907755278982136815e+00 1.039040109948179804e+02 0.000000000000000000e+00
-6.907755278982136815e+00 2.309224472101786318e+01 0.000000000000000000e+00
2.309224472101786318e+01 5.309224472101786318e+01 0.000000000000000000e+00
-6.907755278982136815e+00 1.039963825360458856e+02 0.000000000000000000e+00
-6.907755278982136815e+00 5.319462411506592048e+01 0.000000000000000000e+00
-6.907755278982136815e+00 2.309224472101786318e+01 0.000000000000000000e+00
-6.907755278982136815e+00 1.041303710767863180e+02 0.000000000000000000e+00
-6.907755278982136815e+00 2.309224472101786318e+01 0.000000000000000000e+00
