-8.008732054500544706e-02
5.064661337180620393e-01
3.386681086705789490e-01
-5.821523058879263246e-01
1.006868792882247288e-01
9.872095828567368780e-01
7.009229288334706265e-01
-9.189458537526431492e-01
-3.414037071033630966e-01
-1.281687325285540968e-01
-1.439556431763907574e-01
4.106212522233496642e-01
-3.041099326044471862e-01
2.077173452460372438e-01
4.799112040443691551e-01
-6.539008785536637447e-02
-9.893860005685259917e-01
7.061319199725630824e-01
-8.232667800499593458e-01
5.698292827726836318e-01
4.736919147232583338e-01
7.107903165202493767e-01
-5.195864291979516159e-01
2.329954543100407616e-01
-4.200614500552377617e-01
5.538631685519399550e-01
9.942450029703764347e-01
9.973406376593012546e-01
-1.331668409280399867e-01
8.797311462890484712e-01
3.978992775211713795e-01
6.766565203652408211e-01
1.166759117882922858e-01
-6.491595236760097087e-01
8.492558378833063859e-01
-2.572409826777732889e-01
-9.187833014789188457e-01
-5.269383674904133397e-01
-9.462849549895095969e-01
-4.507638072903652482e-01
1.484617744197036515e-01
-4.465460711796904736e-01
-8.501489052180222217e-02
-1.809497528375345610e-01
-9.471154049583616619e-01
6.887999043824124534e-01
-7.256834826762770252e-01
-8.854715910242901833e-01
-1.128123505030809159e-01
-1.320616374728122988e-01
-6.760370831180420037e-01
2.889008826370220717e-01
-2.740065710779957531e-01
8.309567204264092233e-01
2.521727630714816204e-01
-9.278598930037240677e-02
-7.357537465582759673e-01
-5.523021646759751491e-01
-9.411502833373179833e-01
-1.200971233866277021e-01
8.332919895347772332e-01
4.205808624819080688e-01
3.953483991527573238e-01
-2.857337237269728103e-01
-5.226653745709191057e-01
-9.510640237080102422e-01
1.631359160056642388e-01
5.412294436203319847e-01
8.899970701295032427e-01
8.942929717494811914e-01
1.876298553885016318e-01
5.768924122562968382e-01
7.162318160098934960e-01
-9.891825073738148566e-01
-7.924827669347873638e-01
3.668544112268685709e-01
5.520814616316096490e-01
6.967225572241391163e-01
-8.537720884570720870e-01
3.875016822976045106e-01
9.211685338634154618e-01
2.135054963496101355e-01
2.283371462274126351e-01
8.362711062117549332e-01
-7.800524143170677327e-01
2.890525810760229408e-01
-3.702093794285157280e-01
-1.056157771604748774e-01
3.123596783807540689e-01
-4.121151425470714891e-02
-4.944795205788952153e-01
6.763907160799158547e-01
-8.798165802228052890e-02
2.148190874640842907e-02
9.791689142868917894e-01
2.668635436283193219e-01
-5.830220428583350323e-01
4.736981104441235768e-01
-6.780177907833251361e-02
-7.027614964502071349e-01
5.387276881887921309e-01
-6.080401586980512807e-01
2.735979167662261347e-02
2.860689792387598462e-01
-5.762041821298853339e-01
5.029780608076859227e-01
9.633337881066421637e-01
6.248598074275122372e-01
3.847908513971205480e-01
-4.184349075050450839e-01
-4.485533823831846512e-01
1.679733200887005840e-01
4.987788542816985471e-01
7.019036543280086082e-01
8.428630060181723227e-01
1.374910909172810669e-02
-9.257998703191527845e-01
-4.853171419445973522e-01
-9.080835698648404009e-01
1.183093310717135971e-01
2.355487895360437456e-01
1.951124969700577250e-01
-3.587781485217360622e-01
-9.053282587451783048e-01
4.452276606134184522e-01
7.099622297349061917e-02
-8.850309849986790489e-01
9.296569277701216549e-01
-8.181475632045838164e-01
-1.283687369324273408e-01
8.867121343044148674e-02
2.458811468707953196e-01
-9.175203611608395704e-02
-9.292098730489802838e-01
-2.741640602480075462e-01
1.377888677370873172e-01
-6.011594518664258313e-01
-5.103700562547097697e-02
-7.743238629342237278e-01
1.994098857911501543e-01
-5.450501246280992085e-02
-3.144243359231106982e-01
2.729978390999521221e-01
-2.787685513939781590e-01
-4.616287575163544599e-01
-5.399858988974606255e-01
3.770023445263793183e-01
4.768383801079754125e-01
8.225937504396694244e-01
8.161825997260785392e-01
-2.085491446016798367e-01
-5.532259407661863637e-01
-6.086617581504560892e-01
9.218807048186312691e-01
6.702625501399179786e-01
3.617002964201709858e-02
-5.946607986941070401e-01
8.555350633189069409e-01
6.061384448646798262e-01
-4.131891682541350974e-01
2.251461440523150337e-02
-8.593016287744006387e-01
-3.532993070111811740e-02
-4.036195813501568530e-01
5.875019175848841257e-01
6.537232114422253382e-02
-3.245572984108069381e-01
-9.182734520797666278e-01
9.500798448041913868e-01
7.184377354179507513e-01
4.196610407171044166e-01
1.998660047818867636e-01
-3.017364126796089341e-01
9.680042211686723519e-03
4.610201903773405441e-01
-6.256602697914510625e-01
-3.457190264023226600e-01
-3.421519760995741510e-01
9.409377117213164610e-01
5.822951994612575177e-01
-2.970011005008579286e-01
-4.417642380570958593e-01
-6.195276855038420738e-01
6.711492894987307611e-01
1.482554392984982705e-01
-1.221506296100092204e-01
-3.070089261297583860e-01
4.569482499868771086e-02
4.313851934025074719e-01
-5.706624913086713047e-01
5.241840706495803914e-01
-1.629788296670742209e-01
7.027940764004303453e-02
-9.179704335692906447e-01
-2.402646283440850183e-01
-7.261500901664308394e-01
-7.142844545548145962e-01
-8.776238804054365961e-01
6.366643787268710941e-01
-1.895093836004058119e-01
-5.231926662218513435e-01
-8.089171241318249272e-01
7.461441703834448269e-02
-6.901036806164317916e-02
-3.010026549752511382e-01
-8.186112056116998659e-01
-2.608447395268542746e-01
2.833863079660690620e-01
3.074356776887352538e-01
9.337448894784670106e-01
3.805406991075315215e-01
-2.776714389214078871e-01
-6.471942215730766002e-01
2.563260979718242627e-01
1.657093684832759983e-01
-7.897715378145195864e-01
-2.509381169898345920e-01
4.522047558859543237e-02
8.649147590158692278e-01
5.991848438096800677e-01
7.761949860038057647e-01
8.979098366041695645e-01
6.055656529040547298e-01
4.511176361780770971e-01
-2.010148648171610208e-01
-2.920896896627200867e-02
-9.360245511810436625e-01
4.038243660960074699e-01
5.150734096003288798e-01
4.960221377414981703e-01
-1.676773405080234092e-02
8.055299755420601837e-01
6.508703714624860526e-01
7.584771939014769426e-01
4.217720281892372025e-01
9.083427117058000544e-01
8.333939564509686981e-01
-3.072066312004602118e-01
-6.985751445011842975e-01
9.011910839634791337e-01
-6.293907273653114309e-01
-2.016990852247881882e-01
-1.571483160626985232e-01
5.088816934155016014e-01
-2.997848171069599221e-01
2.674860824651519309e-01
8.007596676148367454e-01
1.037165247558207160e-01
-8.862295885530396822e-01
7.974366185811447849e-01
-5.020035747163182904e-01
5.251500377510784912e-01
1.064296833359972272e-01
-8.044745277935156924e-01
-7.336262010379814846e-01
-6.853788597213201772e-01
-6.656189914423480403e-01
7.296298718917808568e-01
6.089713351946726139e-01
7.750681493250843879e-02
-4.514050775571947227e-01
-1.478067059117491588e-01
2.847266411520479323e-01
4.670430218210857021e-01
-9.195932265503271585e-01
