-5.628392746332264718e-01
-2.679619461625017962e-01
2.754621065072033748e-01
-7.528811111833790815e-01
6.230298265860125806e-01
4.759613057117277890e-01
-4.017655883843642695e-01
6.540576687857924121e-02
-4.301556793613121599e-01
-7.660791196594873842e-01
-6.305767942934690229e-01
8.899042834196699836e-01
7.180285938854544803e-01
-1.023395698768778672e-01
2.273202173054309494e-01
-8.453112018195507726e-01
5.308385135185145209e-02
-5.486360767609499423e-01
9.565002209866313443e-01
7.269600093167671861e-01
9.979866789982114739e-01
8.740966802529488433e-01
-8.985473507807595350e-01
-9.816516602894307386e-01
5.754294851856858184e-01
4.700739240425015897e-01
-8.378253173181244851e-01
-8.271939353917079352e-01
-5.577788084465475915e-01
-2.172141746376132776e-01
-5.299211593924331165e-01
-7.768092930090301218e-01
-8.641324945379519340e-01
-4.965270843228309916e-01
2.475001986823331945e-01
-8.559130995994908009e-01
9.199560491135545526e-01
-7.255717052039423187e-02
-7.118840006478881488e-01
6.154039966912092652e-01
2.357994284595350543e-01
-7.926858462799504235e-01
-3.834830792611516603e-01
4.317769406645268759e-01
-5.691680239290910492e-01
6.403897438848074053e-01
2.400619986080028134e-01
4.932754584504650541e-01
-7.736496306113997967e-01
4.773190236887410176e-01
-8.436128174209809316e-01
3.214279753715106880e-01
-7.236189118080662563e-01
9.966456162560713983e-01
-7.831281154438984871e-01
-1.321022193936437494e-01
4.444172641577602834e-01
3.024316807274740615e-01
5.569478790806416946e-01
4.919058971646266265e-01
-9.794844124893394843e-01
-7.734918898834112211e-01
2.730304508204706160e-02
-8.955159810330164394e-01
-6.848539747721716919e-01
-4.860800633589135167e-02
6.966978968809349748e-01
-9.901558160411727538e-01
-9.895555870779081387e-01
-7.191611782923137408e-01
-4.842066037633811493e-01
4.233102324363575697e-01
5.080423716252180366e-01
-7.214789333402632510e-02
-6.530244868776122757e-01
5.118304753573064136e-01
9.978428273826026595e-01
-1.877532998914486218e-01
-5.096100541120296423e-01
2.386932085517811108e-01
7.959951092175170384e-01
9.663914971925419151e-01
2.722727300987788368e-01
-6.315401511281444336e-01
9.777006250584598934e-01
-7.019506553202019550e-01
-9.475573704466113689e-01
9.997897343010718751e-01
-8.037066930641341145e-01
4.899657976150293415e-01
-4.497631694240116218e-01
9.348561667076766835e-01
9.018838583248127705e-01
-4.075240088701188590e-01
4.064369212877327886e-01
7.326799388290201609e-01
1.846532036219230566e-01
7.738398476837970996e-01
1.837075525249809438e-01
2.851911028662497682e-01
-2.706968446518581706e-02
-2.095739022022146680e-01
6.156207033814475871e-02
-6.888542204391467916e-02
-4.268977593992195896e-01
-6.092726822989293911e-01
-1.816634042791753778e-01
1.998023059798545997e-01
7.932593139204084931e-01
7.265850287169406396e-01
-4.368980238811828176e-01
9.957346641561583001e-01
4.173217697629063583e-01
-1.316604758074880199e-01
7.858921710597022159e-01
2.225482805222049887e-01
-2.298355849703028753e-01
-4.990894396799170352e-01
-2.427983146768371014e-01
7.912505471628163978e-01
8.102062563443706011e-01
-8.545975625823467592e-01
-7.490388645262202605e-01
-7.045846707166525391e-01
3.595392734601503548e-01
-3.464563995862190993e-01
8.506119983534266016e-01
5.810915575201447414e-01
3.082536809119664767e-01
-9.513848121802550573e-01
9.846317837964243536e-01
8.561699077547222370e-01
9.368031284220403876e-01
4.241974191683490769e-01
6.426798205356032412e-02
-2.749509046578215710e-01
5.460605721239102373e-01
5.052762604681551029e-01
3.505772224043983698e-01
-3.327575626366450212e-01
3.092166089895425074e-01
-7.987795991553392483e-01
9.597596261736751622e-01
8.283504030063324475e-01
-4.140589437968582587e-01
-4.129206766934656603e-01
-3.347703529680847723e-01
5.134066094381286582e-01
-7.781313532465364835e-01
7.256881148835825357e-01
-7.498491179999888789e-01
9.173711346700933467e-01
-7.029521497346595815e-01
7.516192312308950241e-02
8.653391057367285644e-01
5.014421152375525548e-01
2.645343053960580448e-02
2.748181931145449175e-02
-9.859633690309893561e-01
-7.004953638140463124e-01
5.541617303751590340e-01
-2.087569230266295150e-02
9.764772810670089287e-01
5.767863181585527466e-01
6.186222282503927028e-01
-6.211217659930619028e-01
-5.090602370625862960e-02
3.425803755752707680e-01
9.807071524694213061e-01
6.681709776369400000e-01
8.895351180384150069e-01
-2.307083304803652091e-01
9.579014413094875113e-01
2.020149043624701601e-01
2.012737788292517926e-01
-8.184766783402036561e-01
-3.467668366733274166e-01
9.130659070436102365e-01
-9.172220560002382062e-01
-5.480176752962553355e-01
3.683914101627983051e-02
-2.386481187813619953e-01
-8.408779535365085156e-01
5.329511664189645614e-02
1.229158585718787555e-01
8.541582648460099847e-02
2.372534497926996888e-01
-3.003666376319350517e-01
-4.309970844940042012e-01
-2.438922373882284056e-01
-3.092976225853510952e-01
9.090171353910857510e-01
7.262507477412278867e-01
2.403425432087088476e-01
-9.988748288194980729e-01
-3.444900153506644802e-01
-3.702877655838631155e-01
-9.954080211137690259e-01
-4.579282992982500744e-01
-8.375535383624594932e-01
-3.342755716713482483e-01
-2.395239080403931409e-01
6.217546565114839829e-02
8.152712007828706309e-01
8.707898954595225671e-01
8.506401420272816649e-01
6.778102689895249000e-01
-4.306529093051403301e-01
-5.146005589172923944e-01
-6.492072564908104582e-01
-6.236305024824729815e-01
-8.839444551570296849e-01
6.087133137385334347e-01
-4.846391015388418211e-02
-1.408802976348817459e-01
-2.240555579172462952e-01
-3.183699287924970367e-01
9.919772865337850298e-01
-9.715177281381088825e-01
-5.888292836707131883e-02
-1.590044835650832322e-01
3.413665330951687338e-02
6.260883015873179858e-01
1.113148612998455800e-01
-8.746109205831281708e-01
-3.349519949003573194e-01
6.289567466180507882e-01
-3.903697145550285574e-01
3.021618235159468924e-01
9.318582982760834632e-01
-1.510810443752041987e-01
-6.533030467397256125e-01
-5.696461967254047298e-01
7.239817648507320680e-01
6.721779409756449830e-01
-3.170182144478046471e-01
6.388125812070248877e-01
4.622920671947329252e-01
1.343841853943170406e-01
7.242125025134993344e-02
5.167227475686684279e-01
6.761938874354167517e-03
-6.683066338375958093e-01
7.134813653620100116e-01
-9.678392417933499026e-01
-3.710738013483061426e-01
9.468820095459600239e-01
-8.780914607621757018e-01
-4.781249971152844447e-01
2.624924948707376693e-01
8.423573652554163793e-01
-9.346200625063660894e-01
-6.501028218472562070e-01
5.864562937579587132e-01
2.761856303114471611e-01
4.925021826975046757e-01
1.411822460673219926e-01
1.421400277338575879e-01
9.391755524122853416e-01
-8.579812208697992215e-01
-3.810690892164726451e-01
-1.434100335930252879e-01
6.792039822992350651e-01
7.479601620668049899e-02
-7.786623089210025217e-01
