-8.211143223919470380e-01
-8.553690728754506090e-01
2.735581093832184507e-02
6.146271135781453676e-01
5.685197145546077024e-01
-3.496105147327712714e-01
4.075916883442207705e-01
1.912907122082783129e-01
-4.795023218374938057e-01
-2.335463402446109615e-01
7.050262047530395648e-01
-7.051477826627294831e-01
-3.977158741363702177e-01
-7.847412028456681732e-01
-9.795532902445609480e-01
7.539541419686894841e-01
-4.559877314587090780e-02
-4.257766119053022491e-01
8.686686981267330854e-01
-8.951759079039491862e-01
-1.776244797630656680e-01
-5.237740384875226862e-01
1.511819359878179281e-01
5.347803256997241128e-01
3.439764723179064010e-01
1.529302247290946770e-01
8.773596754851735735e-01
-8.657270602980069452e-01
-6.537784022543444706e-01
3.042792434246748279e-01
-3.597290764663272356e-01
5.473524476000708461e-01
7.641037154036846024e-01
8.488445436368524666e-01
2.349961894695991038e-01
-3.465541279247502660e-01
-1.630475255358312392e-01
8.539910394932134219e-01
-8.603292335491441456e-01
2.099806196542761683e-01
-4.997599732391346805e-01
3.416003160318423770e-01
-9.399764431365313921e-01
-1.188241097704079152e-01
5.736973003443757158e-02
-8.989411238630535816e-01
1.578482773671017192e-01
-5.803538710374636089e-01
3.046761100530124278e-01
7.229534552185030716e-01
5.294641779139239723e-01
-6.998216777743373473e-01
-6.127598599399133317e-01
-3.337553900671761387e-01
9.325680840344920952e-01
1.741639857191588092e-01
-1.497596401788660048e-01
-3.893921687008118360e-01
-2.461144811108073593e-01
9.071496532753258180e-01
-8.762452056326690553e-01
3.185427137181318091e-01
6.369991824282290604e-01
-9.233264347641405578e-01
-1.774741879638315201e-01
1.669622413915246018e-01
-7.199284731509876245e-01
1.626496444359104565e-01
6.096945270741609413e-01
-3.633031410434313102e-01
8.619530892474651651e-01
9.966768127413467848e-01
-7.194113999677869131e-01
2.100124178362974270e-01
2.198054318343511948e-02
-4.221142731367608647e-01
2.759222277477288987e-01
-7.149033299397711261e-01
-4.617558998452040431e-01
2.706863766076192945e-01
9.910601552541633552e-01
7.166553697413999835e-01
-7.635689416413768971e-01
-8.684914228470439479e-01
6.451297748005124788e-02
-8.852293839306677459e-01
-1.509008132953047476e-01
-6.154265565695293816e-01
6.833547753463518060e-01
-7.528443283576755629e-01
2.265676861277254872e-02
-3.345641667832299770e-01
-5.762830801326646046e-01
1.785198583547482620e-01
-8.421808818709561884e-01
-6.493898236374924249e-01
3.428857853614503126e-01
-4.001799041017193304e-01
3.818707989224576771e-01
2.279643446410548613e-01
-6.310816076284448961e-01
3.957284358158281723e-01
4.217480825606819694e-01
1.110423733857746065e-02
-8.400155883146580571e-01
5.855044287058361885e-01
-6.682082327696865498e-01
3.041492252694730780e-01
3.873978631097168002e-01
-2.874676838134997414e-01
-7.711284098502075857e-01
2.336189974723575924e-01
-1.877102023831929145e-01
-8.137568565615179716e-01
4.286645106142427109e-01
6.289633508422456387e-01
-8.919692284661375759e-01
9.667023571600341647e-02
3.962789948472866808e-01
9.105580154750022581e-01
-1.135833328534145981e-01
6.407184114093960048e-01
-7.810066981798144958e-01
5.219181960926573272e-01
1.075386054584606121e-01
3.817962783852433262e-01
1.925695898465940026e-01
-2.768855526125366673e-01
-3.268638257750753340e-01
-5.419571273168102277e-01
-7.496043878872769017e-01
-7.818823140468142974e-01
-7.800449304408360041e-01
-6.297068769877847139e-01
1.707665274783365383e-02
5.385751878773681334e-02
-1.084331142609122889e-01
7.463315022347993821e-01
-4.107181656513465562e-01
-4.036763656913862075e-01
-5.738545141070121591e-01
4.489164202138082871e-01
-8.461014974250067322e-01
-9.639055411960206765e-01
3.308997064764174212e-02
-3.980362313541763175e-01
2.443260333807524276e-01
7.411447081589279673e-01
-5.952899874140838987e-01
6.782290162424072788e-01
7.407659693411270396e-01
-9.887136224668897633e-01
2.538504787620865510e-01
1.288081459713039667e-01
8.487273922532256876e-01
5.742809813976819111e-01
-1.883816694605055797e-01
-5.342333549940989634e-01
9.910525933038453195e-01
4.226943682016635062e-01
-8.852346908888695243e-01
-9.389577339555923441e-01
8.777354058091986211e-01
-8.497781517947422536e-01
3.803588053775334155e-01
6.270816788252340235e-01
2.942669452203894309e-03
4.231242908616421605e-01
1.558236956077529989e-01
9.137114702028779067e-01
4.526743404993827102e-01
-6.783232023803240640e-01
1.100411769639309534e-01
-2.382088266558135548e-01
-8.846281249244285494e-01
-6.422816479137407608e-01
8.292372140291571769e-01
6.410991091352438165e-01
-2.093836917108160556e-01
8.099031526392657110e-01
9.320932238368733191e-01
-7.569977768108608895e-01
1.603236402026224638e-01
-5.814897936734745310e-01
-2.946216908791043920e-01
-7.974012712329322516e-01
1.603269459757949988e-01
-3.781827715311728566e-01
2.649224857398835287e-01
6.894347567850945824e-01
9.027890099728568263e-01
8.129193694578430440e-01
-7.732847321339878510e-01
-9.282299906342115214e-01
-7.295480710638471145e-01
-7.403409461970134053e-02
9.871987931879360190e-01
-4.165336213760444939e-01
-8.114549645478246198e-01
7.122405503427275963e-01
-6.851334748622495141e-02
-9.044393344155707837e-01
-4.759261815985639799e-01
-1.561002686329406863e-01
-8.720294712910473534e-01
-6.660360787919277215e-01
1.501535602886349130e-01
7.676761499914799280e-01
-6.179967246246198531e-01
3.529775073373768723e-01
-2.740584210879550842e-01
1.740932843069301628e-01
-3.072752890437571160e-01
-3.428677865660740842e-01
3.637028983404002602e-01
3.517413120316069675e-01
7.120928007315652231e-01
9.918160177319599313e-01
-5.442905975967911036e-01
-2.569484316234271759e-02
-4.458001817786421128e-01
7.141421266961152092e-01
-8.221335321809561947e-01
-2.495135337443599166e-01
9.870661005039749192e-02
-4.259643842193114871e-01
1.065078603741282937e-01
-2.080048083766483646e-01
7.673964341795089794e-01
8.610768357436948683e-02
6.589644418425533168e-01
-5.514900873619359434e-01
5.819469890373607512e-01
9.666314476445252435e-01
-7.970425986448937961e-01
-7.946081769880139478e-02
-4.761274595221838268e-01
5.367326602673266889e-01
4.714078549427003217e-01
-4.497827540585221939e-01
5.142751020029714404e-01
-5.245464553429499688e-01
-1.106549692489814385e-01
-7.749662171100718533e-01
-3.624655288907590034e-01
-1.602966877709233184e-01
-2.078639933711050602e-01
6.901481113301362047e-01
3.705570235783219868e-01
-7.906181473067275256e-02
1.031203002836618143e-01
-2.576463976514171694e-01
9.956239818387213614e-02
3.520042599768815617e-01
6.569049947604550521e-01
9.788602519559330695e-02
9.209897062863544592e-01
-6.224796060318289470e-01
-3.305872076717317753e-01
-5.090526669346525646e-01
-6.299497133529974313e-02
-3.810516118760689519e-01
3.053331149376179443e-01
1.419795393503837655e-01
-3.020444285126744344e-01
