-9.990108013210939886e-01
-2.798388549975505679e-01
4.910796165859592222e-01
-6.448938281798843875e-01
-7.763768689620633712e-01
6.010790336620708274e-01
-1.971842008627984200e-01
-4.743233259300192461e-01
-8.258860656927413668e-01
5.016567618754971258e-01
-7.730713828663176024e-01
5.910030904045981970e-01
-7.039120977955131142e-01
9.874705028842276633e-01
8.931175762436354137e-01
-5.692713010317345113e-01
5.542531251306952456e-01
-6.917935734529629954e-01
5.924456324334670398e-02
5.274447337987904216e-01
6.597675418442954243e-01
-7.285994313840087333e-01
8.027538377805372161e-01
7.932999154184732227e-01
-6.199341722343232330e-01
9.863893103583630806e-01
-3.071088843802141088e-01
3.780633542844504813e-01
-2.665053779620141228e-01
-2.224712215550121996e-01
-7.105186405605432576e-01
2.950416018692458842e-02
8.876286435622255944e-01
3.810774408468795560e-01
-8.747239682164021923e-01
-3.984399602172901123e-01
8.632445054280544205e-01
9.115860546231124850e-01
-5.811379821512090427e-01
7.792536216244967395e-01
-4.659133264316219769e-01
3.929099325244653773e-01
-9.990807764554320292e-01
-5.450887630529928085e-01
-1.412610025492872234e-01
1.975133065808276633e-02
4.756862220312478851e-01
1.466615474377690881e-02
9.118822789854905686e-01
4.607286075445693463e-02
9.741505222833479749e-01
-7.062728292563058563e-01
-4.069891463749791827e-01
-1.437818228860423542e-01
3.742096422567976477e-01
-5.963197993903921468e-01
2.509086592659381942e-02
5.942345928992567305e-01
-2.417566329536389169e-01
9.786271357997489151e-01
8.304636012258836963e-01
2.929561654916004176e-01
7.171519349984636360e-01
2.480005713425681435e-02
7.877383596050546721e-01
8.348483964782213995e-01
-8.197805035341099167e-01
-9.975994366417499926e-01
-4.778601907203751109e-01
-8.942128110778235772e-02
2.773472224972782785e-01
5.181360863313368981e-01
1.546387231035160625e-01
-9.248511619874877354e-01
-9.920002995019036041e-01
-9.804071952508812693e-01
-2.775778365430434658e-01
7.394290243538301777e-01
-7.127235260939804862e-01
-2.154153332011994326e-01
4.373241890631422990e-01
-3.378317203069531316e-01
9.811249151864080975e-01
5.202104158300522307e-01
-3.273834886671189714e-02
-2.599875669832101277e-01
-1.407885630089353024e-01
7.513096309251843241e-01
2.999344997278266534e-01
-5.776734786973460878e-01
2.146667722601638406e-01
-9.730639668629630368e-01
9.154911855539136223e-01
3.372785098158810335e-01
8.454019982968909996e-01
4.535124300833639488e-01
9.634945784242819888e-01
-2.517591301600703435e-01
9.739430138363743827e-01
-7.465752315041088716e-01
-1.664086252487493311e-01
9.757603596173346494e-01
9.788052893403751398e-01
6.292464494101117634e-01
1.558598551143968169e-01
5.741771936905152307e-01
-9.303930596583640522e-01
-8.580330215629219381e-01
-3.857140972083472619e-02
-7.167838383620936948e-01
9.831400938082460739e-01
-2.731078221364782177e-01
-5.810048155863631880e-01
2.910429646449423924e-01
8.964078326015564313e-01
8.450264436097045806e-01
7.319498509416194620e-01
9.349726023017035370e-01
-4.349707466605088335e-01
2.595945810107161966e-01
-1.013150592417944029e-01
9.419391654840925110e-01
5.173355107856374424e-01
-6.816375667670364624e-01
8.350093672791469857e-02
4.526594167622233211e-01
-6.965232298367607378e-02
5.519058775627971869e-03
-1.462323313162532390e-01
-7.596019129145703541e-01
-1.124683661606220575e-01
-1.979707207506400390e-01
4.302211718930373241e-01
5.690474606617033082e-01
-9.817929355231586053e-01
7.243871588286920904e-01
-9.319916315196912215e-01
-2.568911732079639521e-01
-5.011041713512014439e-01
9.894144379258242861e-01
6.363236639250258175e-01
-2.077628603197523849e-01
-1.271164908408521921e-01
2.771560748285326614e-01
8.457742659123494988e-01
-9.338179315381993639e-01
4.440771952365993869e-01
5.645375105350576295e-01
4.643574277351425472e-02
6.303149073450577955e-01
-1.170364121996492202e-01
5.638543722332469699e-01
5.365593385939775306e-01
-9.185193553390313959e-02
-3.303313758457648852e-02
-5.177580029032058384e-01
9.236293189107502855e-01
9.256767332915434299e-01
3.479613532435827383e-01
7.817346657915889008e-01
-3.817415816635527648e-02
-7.278338700825481844e-01
1.545879597832350849e-01
7.406556184534565102e-01
-1.061706410325296002e-01
-5.475559768522559878e-01
9.939463350057324842e-01
-2.289295767702326234e-01
4.449043298755668285e-01
-2.686520090362500834e-01
-6.543266803563123624e-01
2.900791993134969049e-01
8.637406340729849585e-01
-5.645550067689284468e-01
9.743565087895185162e-01
1.788112023909878001e-01
-5.303351019311168812e-01
7.398647564535698606e-02
8.910340011951822792e-01
-2.088068541946304091e-01
-7.560726759022685650e-01
2.907052456430871401e-01
6.699557475044104482e-02
5.963454400379679665e-01
2.991069589898796011e-01
-6.944555253946391726e-01
-8.895180655046071028e-01
-4.315839727490973221e-01
5.850269923433952801e-01
-6.609615664176855532e-01
-5.307329840737482485e-01
-4.159035282376595255e-01
-6.348276009404461018e-01
-9.096017680082052470e-01
6.040041279490679926e-01
-8.821161078051800164e-01
-6.967964265001957980e-01
7.201498035437630119e-01
5.343319021502732635e-01
-9.480429311531197722e-01
-1.032368191935604251e-01
7.811706515596830158e-01
-5.764375255129658981e-01
-6.267333817167256571e-01
-9.516321736442573398e-01
9.726552435084483417e-01
-7.963249818263562485e-01
-8.890003689148879840e-01
4.258295978598031217e-01
-7.151559127343101174e-01
-3.901781869702241057e-01
6.080943976131871764e-01
-9.309992652029477345e-01
-1.137170677877643588e-01
-2.945261627258970449e-01
-5.297942051471298264e-01
5.768922252391028849e-01
4.475463424272506652e-01
1.650212123299921174e-01
-5.358030628732344258e-01
5.006955532024930378e-01
-5.958233110281012657e-01
8.828812282710676307e-01
-2.032445829921483149e-01
9.506697177712489788e-01
-7.073821972916523038e-01
-4.706154413542908976e-01
8.856455968455783090e-01
4.441689232491394801e-01
-7.432091341251334526e-01
-3.681075094701922179e-01
-2.336004603756351994e-01
6.820606841224937655e-01
9.444143981575894853e-02
7.347398346559297355e-01
-4.678542066286321965e-01
9.801389541112086601e-01
1.421557071618655410e-01
9.960374742762014844e-01
6.883340379243043650e-01
6.980330870329309878e-01
-9.337543078385550643e-01
1.094026054673180592e-01
6.532092584078230679e-01
9.708801108677334035e-02
1.430464036881675671e-01
8.286744132222672032e-01
-6.823222431319069248e-01
-9.965989224616591535e-01
-8.250201176679996529e-01
-1.728119433415478134e-01
4.460952471375469464e-01
8.671110232055688760e-01
4.555375575708522362e-01
3.498594974666493496e-01
-8.451429697511025907e-01
-8.960403282057007868e-01
-3.748156299643247424e-02
-3.219501278869317806e-01
1.492438129760705889e-01
-9.903122727951492177e-01
-7.675395413389851651e-01
1.488959807911083288e-03
-9.967175356505916239e-01
-9.987156908943126687e-01
