-3.623799156552360845e-01
3.249017389974659942e-01
8.894920560146566402e-01
7.983276581287002127e-03
9.002399716665967500e-01
-8.121317867835073923e-01
7.009517351325067480e-01
9.492435092172077926e-01
-1.085561873921286336e-01
-5.875978414955772555e-01
-6.559818865710496105e-01
-8.958082149456254584e-01
4.373128220515791753e-01
-9.739779227814442386e-01
-5.878457389273064049e-01
-2.069142472715004288e-01
1.136305379251619785e-01
2.878514632000356288e-01
7.643313791319230610e-01
-7.880122576742265572e-01
-2.952173299475507884e-02
7.840227647121242871e-01
5.590131243701554897e-01
-2.093590445519243337e-01
-5.829468008348483998e-01
3.308757137082629085e-01
-9.773311154407495760e-01
1.607126011195680881e-02
-1.231328418745338826e-01
-2.409032542096867235e-01
-4.541958873125204743e-01
9.543226254152868959e-01
2.010229596849200107e-02
2.095722884672546193e-01
6.130349868861006968e-02
5.585534557306039982e-01
-7.692984702067864333e-01
-1.944412180245067567e-01
5.908351706235304146e-01
-3.794166049691338749e-01
2.879602653413197988e-01
4.803059253521129168e-01
7.985708336536805341e-01
6.479539555932649630e-01
-3.932980006551677343e-01
3.464893348973299148e-01
-9.737710373501493599e-01
-2.330542907103649863e-01
6.647129495736165961e-01
4.430356387688854092e-01
9.947694102767263846e-01
-2.884825245684065065e-01
-9.376915322984125112e-03
9.902198566383531020e-01
7.924229444039374570e-01
-4.297828346946932498e-01
5.436815095726812430e-01
-7.833931739121474669e-01
3.247584895286292905e-02
2.919283433699066954e-01
-9.784426409865880636e-01
-8.933014719340148790e-01
-2.732025066979720807e-01
-8.153121944678130006e-01
-9.718678628647385853e-01
-9.160814434116970606e-01
6.644612108003815631e-01
4.545039598396138913e-01
-2.336732465592163965e-01
9.755682481157673669e-01
4.793541218926982150e-01
-7.190511297559352144e-01
-2.533514417258397877e-01
-8.817031078637453945e-01
9.019651938073613984e-01
-3.593598395026909031e-01
6.361680539498156817e-01
-8.262194400464266675e-01
8.503809572390976790e-01
2.208824217541601187e-01
2.334834672508088182e-01
-2.264340346748443533e-01
5.680050125055824406e-02
5.401695580615419878e-01
-6.348391427972130963e-01
9.165609628164135270e-01
-9.410668481666465413e-01
-2.116311781922730617e-03
1.982762676373401312e-01
9.828118209452297860e-01
4.500416870721244411e-01
-3.020994973112567372e-01
-8.736999085262719955e-01
9.593466517705561136e-01
5.333125092325408101e-01
-9.036216239265544292e-01
7.387055974371929956e-01
-4.606102229888705546e-01
3.779723974666722164e-01
3.424236060827825501e-01
7.657562932979793402e-01
-7.674999807031614996e-01
-3.034203091038440991e-01
9.987805234945550392e-01
4.928238470467638521e-01
8.945440272517797275e-01
-6.142225399915812734e-01
5.442349511083277580e-02
-3.497352341561121847e-03
-1.238830098363108423e-02
4.247262802640699997e-01
8.083551522698861902e-02
6.316186711653850594e-01
3.255735253439646648e-01
1.059975720322149928e-01
-9.991116370829233873e-01
-5.825141792374763927e-01
-7.309655432968726885e-01
4.092609709917249816e-02
-9.876520964187782692e-01
8.877377943839959151e-02
8.583552045034339439e-01
-3.765363006892585851e-02
-3.815295183552618319e-01
-9.555212973470722515e-01
-9.030704885269333904e-01
-7.694453597132686617e-01
-4.345129306887354770e-01
9.356842807282238494e-01
9.682157436146547891e-01
-9.972529793449421698e-01
5.194678326810229230e-01
-6.344205962878937122e-01
9.193911935688088288e-01
-4.030406926826276548e-01
-4.884393688066483996e-01
6.919141580705099326e-01
3.272611658590334205e-01
-1.574387030176453983e-01
6.500477152914668766e-01
9.056094723847285533e-01
4.177969150508762386e-01
-7.964455420473531833e-01
4.566719894740327579e-01
8.534719063761539992e-01
5.195696716810558335e-01
-1.192405989996199733e-01
-7.317753616514306447e-01
-5.403215585905707385e-02
5.307463938474208387e-01
7.802891562985598828e-01
8.964499547825521830e-03
1.714789229184916497e-01
6.595969634000065085e-02
-5.275057799548145410e-02
-3.007559391515555181e-01
4.280944741227525885e-01
-5.806611132948600318e-01
-5.785888370772651612e-01
-8.802069294855929815e-01
2.906293075130950143e-01
-1.497634947978931930e-01
-2.159290098606001518e-01
-9.581403812265740783e-01
-9.829508296186715288e-01
2.024867479900653855e-01
-7.816473686642351204e-01
5.078376342969415091e-01
-3.217149974640598487e-01
2.457217762715362408e-01
7.904080107947180078e-01
3.315495832550200417e-01
-8.099660852460699445e-01
6.536931440928641646e-01
-9.666116712599357452e-01
-6.772943774472675038e-01
-3.499900810360973002e-01
-3.172423662981400660e-01
6.274312213753012735e-01
-7.104720933315031850e-01
-1.099763787453116315e-01
2.589778249864742588e-01
4.282361157367897686e-01
7.475517931241764114e-01
7.651980000301721319e-01
8.512693891813650771e-01
-4.395301176930808129e-01
-4.870509497268498134e-01
4.109044975378071118e-01
-2.084067000459549623e-01
3.446074818992991839e-01
-3.607538167103269133e-01
-4.674990073547555802e-01
-2.924159868649476302e-01
8.144783729402265138e-01
4.541459683189257301e-01
4.273481895596303870e-01
-7.115608765039397321e-01
9.086070324701833734e-01
6.916779202375563651e-01
-2.571012082949346578e-01
6.316716690306443116e-01
-8.279374427044858820e-01
-2.538449890114931051e-01
5.396631120908090828e-01
1.428264625978798996e-01
-2.954944952061879793e-01
9.059521734348823241e-01
-9.214694051865501834e-02
-6.108399347087321019e-01
-9.053706497025930666e-01
-8.011884565476441455e-01
3.892929738776185200e-01
3.646508156202177275e-01
8.022438561790594669e-01
-9.508831889048552366e-01
-4.916696187533243778e-01
-5.101835756345447503e-01
5.402018484214350380e-01
4.561989291251271617e-01
-7.078673002095088318e-01
9.097325824789425086e-01
-2.584767071315096088e-01
-9.354209613215375141e-01
7.574205249704252241e-02
-2.043296873026819727e-01
7.420313270097920189e-01
9.856074610118128465e-01
8.844073353684465122e-01
1.809948254291049441e-01
-7.153649308178098298e-01
-3.934132091486803873e-01
-7.148705381938413872e-01
-3.070933412751868374e-01
-5.837892668887502134e-01
3.910080986505474199e-01
-4.875285340263393330e-01
-1.138784214314723098e-01
-5.278100445217082104e-02
5.691191058136653158e-01
-5.387410166922255161e-01
-3.422470266093828872e-01
5.269981852765524000e-01
-3.490668976528159551e-01
8.853972716542076737e-01
5.412669098562059578e-01
-9.523563700419297451e-01
2.507235372416709573e-01
2.627936400322168353e-01
-2.238480958648416674e-01
6.699992156792271558e-01
3.856091974230126951e-01
6.225184336312972189e-03
5.938996650587952120e-01
6.716451366201896533e-01
-5.572326303968524464e-01
9.665222218596694059e-01
9.286912007493495214e-01
2.973370466774938325e-01
-7.221792458117375357e-01
-5.018343397680948836e-01
5.926409390869591398e-02
-1.678697312805792485e-01
3.789172539514378268e-01
-9.912408965370619329e-01
