4.327325732667295366e-01
1.337029083280685260e-01
-6.057419109784936140e-01
-9.997004256300043856e-01
7.918487309642473493e-01
-5.929942685109517164e-01
9.318754689224388876e-01
2.491878183689031356e-01
-9.856768899646813908e-01
-9.350239506098123599e-01
7.654250460916711685e-01
8.847023676624168331e-01
3.041519859990591268e-01
-8.977757871751388397e-01
2.982009629307913467e-01
-4.652483370337570090e-01
7.136421994396219270e-01
3.133137625985511487e-01
7.785262739191063375e-01
-9.943100946765727199e-01
-8.094195150076223255e-01
-3.957456230755127535e-01
8.443639152471564824e-01
3.582669178975282920e-01
2.661809856164607524e-01
3.343820162522811446e-01
4.778325306748194556e-01
-4.614775965428957738e-01
8.297466274287497168e-01
3.099625561890233527e-01
-4.538149904962578418e-01
9.702578610487367916e-01
2.907971533739805992e-01
-6.730550960253522952e-02
9.254572884126767152e-01
-6.817765748616400057e-01
1.236183307088212224e-02
3.040691129884987021e-01
4.703351324310325321e-01
-5.138438165656085133e-01
-4.380952367878752085e-01
9.681510238585500083e-01
-7.559298632290092357e-01
3.252132476605494871e-01
-7.465917066665728186e-02
2.509919364546473464e-01
5.559727222985679784e-01
-2.110979312017925436e-01
3.590876355241368056e-01
-8.882031475667511167e-01
-6.913987984058355130e-01
8.310814056856759002e-01
5.799464708302248805e-01
-7.416286417033257639e-01
-2.592480808138231119e-02
-5.125305889481821531e-01
1.747303420850450095e-01
-9.652307945808833445e-01
-5.822738101812685585e-02
8.084206206676076700e-01
9.191280114033093529e-01
-7.029906142997313090e-01
3.996615311084770195e-01
-8.036989709086368450e-01
-8.951875161087317068e-01
5.896675401816442452e-01
-1.841136663809412877e-01
3.462621651764947739e-01
-1.381685675280953651e-01
7.185538154263979571e-01
3.918632583456971297e-01
-9.233869464997965792e-01
1.202829952640196431e-01
-6.847727179843898782e-01
-5.694913600622594219e-01
9.675228038998251456e-01
9.743831576321454468e-01
-3.885422498807268310e-01
2.707162934120928011e-01
-4.395597735630383252e-01
-2.949519107177045463e-02
-4.005947708709214350e-01
6.154534087872547410e-01
-3.973317479274753872e-01
7.661877068422753290e-01
8.060164263564932874e-01
-9.456452309903784492e-01
5.513038042881625023e-01
3.077931112145646519e-01
9.530941912212526068e-01
-2.180097041258265422e-01
4.386262027556198095e-01
-7.493455146934873135e-01
7.017604008026574469e-01
5.216898389409470038e-01
3.217201022324311932e-01
-4.615990975768036186e-01
4.571681914767593558e-01
4.121441075655334352e-01
8.627887485570898130e-02
-5.364028034429983993e-01
-1.163388240827560871e-01
9.647921213918254635e-01
7.533512165800755334e-01
9.677881558583659727e-01
-7.710021285772497013e-01
8.360671723831055724e-01
5.268860277340272624e-01
3.115036875340508882e-01
7.209356613286412863e-01
8.995677945776748841e-01
8.851085378052174768e-01
6.429082831638177620e-01
-8.552947763644527246e-01
-6.974295627246718254e-01
4.338544628091144384e-01
-7.007990086755275794e-01
-3.221931824413537537e-01
-7.363715399793464567e-01
8.426258448571388726e-01
7.313565879076318055e-01
6.389596879719310341e-01
-5.643813707968243776e-01
-8.837425229921671566e-01
5.393072989301713749e-01
-8.875688742362826122e-01
-3.262375246100838733e-01
5.369237951959875410e-01
8.260662524659300177e-01
-3.106154710950931874e-01
-7.447195848524246209e-02
3.336004204568689957e-01
-9.937200466961995104e-01
-9.710085026713535239e-01
-1.050342209876125033e-01
-2.216548871445640501e-01
1.197100797295063135e-01
-5.519799121223114557e-01
7.140140614740109193e-02
-5.322755557417486738e-01
8.156371475627028911e-01
-7.184941400467570460e-01
-3.583684110825462454e-01
-5.917030936124205720e-01
2.132022978110319489e-01
-9.262894077499080892e-01
3.242694637212610309e-01
9.699731966338610567e-01
-3.748534840037331950e-01
6.588390796790077886e-03
-5.034466730478914798e-02
8.109118584817887054e-01
7.181032759904814045e-01
-8.584022319206718876e-02
9.070622767201017567e-01
-6.254428454403664350e-01
9.558491621784122039e-01
-2.010575454790893835e-01
4.248786013348886392e-01
5.744348864590991255e-01
1.427615347160977044e-01
-2.206084684511560035e-01
-2.104641972355936197e-01
-4.227033358969578547e-01
7.282854684536415046e-01
2.047565598691694078e-01
-5.847753068677534749e-01
-1.083293895189962885e-01
3.690988706722382329e-01
3.020571976054429175e-01
7.484451301971536408e-01
1.360125248755517102e-01
-3.791516830040544406e-01
-2.450122930729747850e-02
1.192358134137032621e-01
3.645782268489550226e-01
-1.650447282898950263e-01
9.595846658156041986e-01
-7.916707591791293241e-01
-1.917926429614955630e-01
-9.745453990908563568e-01
9.946400276455608092e-01
7.835650445305497591e-02
-5.582071486232503821e-01
-8.390951734555176511e-01
3.280876789720257314e-01
9.568524697251591382e-01
1.596712166577656244e-01
9.068048918027432626e-01
5.965968909106653673e-01
2.689001019596413133e-01
-9.813979981207294756e-01
-8.943005144732414369e-01
6.937675621243004631e-01
2.715746161608728615e-01
2.161061935141499468e-01
-1.424348600804829779e-01
5.782475284017467576e-01
-8.175525321891359276e-01
2.081529970460296308e-01
-9.994906559700516002e-01
9.871745308784065642e-01
-3.413465545629084108e-01
2.379491012818306661e-01
7.412820716583443659e-01
4.968228450882201663e-01
-6.404887857128802597e-01
5.115708990123319921e-01
-8.517012279646043460e-01
9.255037464544854098e-01
-4.714922243903296728e-02
-6.380308639189242736e-01
-9.618297594624181102e-03
6.307698364243194966e-01
4.479500608851163523e-01
7.486286190763198345e-01
6.890944797875229177e-01
7.865620249577189860e-01
-3.710445491865825840e-01
4.526064641564757629e-01
-5.190846586457134038e-01
9.974875550486448361e-01
3.365118957085813101e-01
-7.635158798591978879e-02
-5.579113520654213065e-01
2.412189173550640664e-01
-7.586074419920953993e-01
1.564345153778528563e-01
8.510428065339699089e-01
-9.721081446598940357e-01
-2.764061422488500730e-01
-5.622712073254204634e-02
5.314041071951038919e-01
9.828507736084879376e-01
2.102372613297469606e-01
6.782443103439095289e-01
-9.630732288367858107e-01
5.394941497825722632e-01
2.531084906004268387e-01
2.244106763051978426e-02
-3.987949981207423722e-01
-9.865194893758647554e-01
-7.585371153952397139e-02
3.528324096841501945e-01
4.252996355913107873e-01
5.261867895646177296e-01
-1.544731269512276128e-01
1.751031607253865641e-01
-5.044790420708482603e-01
1.152079382316859579e-01
-9.577277638071314270e-01
3.233902016640441968e-01
9.203863309838488105e-01
3.436831407557603413e-01
-5.550075884158183204e-01
-1.671698107082186802e-01
2.133556681576216363e-01
9.851639259032404228e-01
4.149472028879710450e-01
-5.979527859564561787e-01
-4.957131190559902478e-01
5.046998119647525538e-01
8.822853856573165121e-01
-5.896278633928189183e-01
8.345477667251091081e-01
