-1.596085986526707412e-01
-1.235776214507142701e-01
-9.014769283149639545e-01
-6.254210590899218492e-01
9.603208344060216728e-01
-8.008593656196328903e-01
3.029496948402237155e-01
1.560267073932752879e-03
9.871110774979592328e-01
8.496695634303754741e-01
-7.775865879214087784e-01
-7.995558043868511433e-01
-6.075824142722918708e-01
-8.638480608538612326e-01
7.799897708551626341e-01
1.622465192064252992e-01
2.477191466990276147e-01
-3.741590407344741465e-02
-6.653619850579810535e-01
-9.145317516825407500e-01
7.111675462422151206e-01
2.541400003333131874e-01
8.624818334813144638e-02
9.643774307060684059e-01
-8.933366029754438165e-01
3.555173655142640499e-01
6.647592028227714556e-01
-3.570249697237426467e-02
6.886010456693791859e-01
-7.750980079031297709e-01
7.638437522998350326e-01
9.799754681962483671e-01
-7.689416317261852374e-01
5.282849822144513041e-01
9.663775831643635073e-01
9.683928406455499793e-01
-5.014777250342061787e-01
1.927845710646498567e-01
-6.576692088708457895e-02
-4.088399935193729462e-01
-3.875115149869903242e-01
1.096012479509238524e-01
-6.447777960331870784e-01
3.580158891808468136e-01
9.730272341670364034e-01
2.822667605792921197e-01
-4.647013241377335735e-01
-5.299156918121223914e-01
-3.790979177878817108e-01
3.918734377723758211e-01
-4.284916243882466169e-01
1.218336570863185475e-01
4.797219290055665386e-01
7.084984079864324880e-01
4.366092427547541011e-01
-5.106419817006252471e-02
1.115127865826812670e-01
4.198867557663663597e-01
4.406240111488823885e-03
9.697662731176781570e-01
2.434698650250067820e-01
-7.505790665624767488e-02
9.694000261821110742e-01
-1.070128508805985312e-01
2.521954330237787811e-01
9.620402262668588111e-01
-2.946878621034546564e-01
5.740403562356277689e-03
9.638456267743035211e-01
-8.912197794557545905e-01
2.656345191407178952e-01
7.434367503111656283e-01
1.861470936818952482e-01
-1.725294394458953828e-01
6.877566428242287699e-02
5.891050457874948965e-01
6.931529445573476611e-01
-1.171491502401427187e-01
9.269430083211616100e-01
9.673600543011176001e-01
9.393315751645638922e-01
-2.506791106660511970e-01
-4.377507241486244816e-02
-4.017096784800092690e-01
4.029039321437488663e-01
-1.562496155336365877e-01
-8.990573875168436091e-01
8.397063667667219455e-01
-7.957192181342347403e-01
9.861239863727363497e-01
-1.662262297121214205e-01
-9.571250336383698709e-01
-5.928713061947661345e-01
7.458753377277296259e-01
9.399499900238487138e-01
4.306739164182820101e-01
6.769699213939381899e-01
-1.118061775621734810e-01
-1.229778385940301089e-01
7.858859997852283286e-01
5.868094299045414353e-01
-2.489673722891422580e-01
1.239527725294702343e-01
-9.765833657842835080e-01
5.457598763664095465e-02
-3.158155177740147312e-01
-2.502969563941745967e-01
9.605451573685741540e-01
-7.037644843074064571e-01
8.252566860721417541e-01
4.899691433984136868e-01
-4.609026072403387686e-01
-7.206839214998546073e-01
-2.181251707988411948e-01
3.905344483293222702e-01
-5.402284331310100995e-01
-9.031980886371013817e-01
-9.191097692027470067e-01
-1.574818524110424001e-01
-8.638997286269223252e-01
8.810674525488115805e-01
-9.882110287803436144e-01
6.101853985318441698e-01
5.458967888509793642e-01
-7.422324261729911221e-01
3.047812747112137455e-01
7.489198282249256433e-01
3.719410644935292609e-01
-2.897682399047680768e-01
-9.240976307128562217e-01
8.537788975165623295e-01
-2.323215442795633079e-01
6.333107001118797319e-01
-2.274287104415677607e-01
-1.527526190603916145e-01
4.289655070187969876e-02
3.464132018221139919e-01
-6.967967460750641440e-01
-8.631783619009105735e-01
9.034330873172888854e-01
6.630158226982473257e-01
-6.067972410084205848e-01
2.532455772062023325e-01
-5.889702304593522619e-01
1.049766713125395157e-01
-1.630215799432590540e-01
-5.952748083783987454e-04
-7.489588844741046358e-02
-4.225002331558847524e-01
4.053762309265902530e-01
9.044957614502879828e-02
-9.976368751279270919e-01
5.540026227609800014e-01
-1.222855856364962746e-01
9.083140562966265374e-01
-4.438876914959557496e-01
-2.518431926796202980e-01
-5.133707596681800212e-01
3.400399107598259807e-01
-9.928801678632477312e-01
-9.057644496848540339e-01
2.016522206322468591e-01
-1.015021385381844610e-01
5.738737048810367281e-01
-2.122050818769700697e-01
-1.861479389998945133e-01
-2.521635857593296226e-01
9.369938419505600136e-01
-3.846693790419172254e-01
-6.167887607450857068e-01
6.868624247283450224e-01
6.115181837539855891e-01
5.736661039706869580e-02
-2.572269593547791278e-01
-6.564936553730258417e-01
-8.600287294711581598e-01
-5.620638001742197520e-01
6.353125349333001992e-01
-7.756756166013556442e-01
-5.028714528927473726e-01
1.457710022358172930e-01
5.765189958855587715e-01
3.857387886826570966e-01
8.337186874793206526e-02
-3.570703617929511520e-01
-2.842408126255804302e-01
-2.603421247398141070e-01
-8.459071079189586229e-01
3.184536242341362566e-02
1.325346153139232985e-01
-9.904127646175491240e-01
-5.396294985189575844e-01
8.308223272652958125e-01
-3.110261841950656692e-01
6.771805110423878560e-01
8.833141380019684519e-01
-6.535101632356601353e-01
2.856215140948508147e-01
-8.846344600428595051e-01
3.923494897357385769e-01
-1.160850087621079219e-01
-4.111154367075489091e-01
5.942267699228047650e-01
-2.572060527272581609e-01
-5.544255174917542828e-01
7.798880953267808280e-01
-8.977867342197831668e-01
-6.806045494631938197e-01
3.889652516061656851e-01
-5.113551722693243651e-01
-6.850076654443049140e-01
3.872084496790133556e-01
6.128395979809686533e-01
-9.308262200917223339e-01
-2.280217527839778491e-01
-7.325528527461716566e-01
-5.006948225509544326e-02
-6.417296518794493032e-01
1.901261380575722804e-01
2.629473499402290582e-01
7.180074636769131491e-01
2.101819892324759409e-01
1.648708298112766535e-01
1.487207573018787254e-01
-4.240721578372216860e-01
-7.717085609996048312e-01
-4.355153061311312079e-01
-5.884809761710085851e-01
-4.391463794134213838e-01
2.797615394014798529e-01
8.297893599111239027e-02
-5.193573918800058475e-01
5.825263126111392964e-01
9.660742300623990086e-01
-7.718318383152569240e-01
9.875998085200394794e-01
8.751816408482413490e-01
8.388040954978561725e-01
7.169127023221320005e-01
-1.779817876051525971e-02
-1.420403070469808959e-01
-8.799357911304535040e-01
4.478075247566617456e-01
4.963641439439769876e-01
9.441648105818899461e-01
9.832172301716067819e-01
9.801913841556481044e-02
-7.888241074419093390e-01
-4.442854006112370024e-01
-9.084958103022309217e-01
-1.617747528615853803e-02
-5.518721914467611400e-02
-5.754369941168533398e-01
7.079193536727952374e-01
4.046189849802215299e-01
2.026189402729792199e-01
3.617640669574093693e-01
8.530984502342331410e-02
5.689174614508646366e-01
6.644770922539011693e-03
6.523216340213444653e-02
-6.033585738616782379e-01
-2.769593791386825710e-01
-9.611745105066374917e-01
-9.352874027474326057e-01
