-2.938143262789363885e-01
-7.862599680354120935e-02
-9.704482148213007253e-01
9.539225143368090798e-02
6.077093800347022068e-02
7.533166262362023247e-01
-1.718066146980087305e-01
-1.520725045201218872e-01
6.380577616756524240e-01
2.335207746814302043e-01
-4.394122840719316692e-01
9.827167892200381338e-01
7.691828710957284709e-01
3.988874410387091007e-01
9.798045086438398332e-01
3.530544435918225865e-01
-4.339906483064816523e-01
4.896811678203430995e-01
-7.667805533977286592e-01
5.689786599068374917e-01
-8.091916605085014425e-03
-8.024493192862827140e-01
8.435542572119811844e-01
-1.007712804853844180e-01
2.927515778613307695e-01
-6.415970041750651554e-01
2.660431147095587701e-01
6.664972411770829774e-01
-9.555462064255386689e-01
9.674366269696701437e-01
8.085786910458657717e-01
4.977267007613778160e-01
8.041042776052065300e-02
4.546689388307698088e-02
8.260815325419474942e-01
-3.352815154682591281e-01
-5.222183559731443658e-01
7.567395571172883528e-01
6.545486600160120849e-01
2.212762128868714928e-01
6.732464652768048730e-01
4.789723536629119649e-01
-6.591089743234668230e-01
-5.549537458009232704e-01
6.235714550652817767e-01
8.154457388986369182e-01
6.575182126640932712e-03
2.135041515149382896e-01
5.416203710001166183e-01
6.479799953915699184e-02
4.512147428823285455e-01
-5.693786362681300117e-01
2.635641268841364959e-01
-7.925542907458442698e-01
8.360900922962837267e-01
-4.683048800874969886e-01
9.393180890494791102e-01
-8.821685822740509275e-01
-9.133411648370167724e-01
-1.263185596006408673e-01
-8.487623681339966364e-01
-4.261656848709980405e-01
1.239337692807997993e-01
-8.533929181138095732e-01
5.187975285096537714e-01
-3.221202375186202893e-01
-9.954968449161299970e-01
-4.640372841079494215e-01
-7.647537675238318400e-01
-2.806232164324284906e-01
9.472915556610184140e-01
8.928709257220757145e-01
7.673080481659309005e-01
1.640531206708568668e-01
9.723794380307728691e-01
1.893092572492490466e-01
-2.897878069228436715e-01
-9.282571577524106887e-01
5.490362951383929158e-01
9.966965183294963504e-01
-5.687863896610074743e-01
-8.254473991955418866e-01
6.931608122086136969e-01
6.915318058834512005e-01
9.375739080723948238e-01
-6.540463196616959074e-01
-7.694908661129872263e-01
1.170929355963103990e-01
4.909780509683210337e-01
-6.777062991331110897e-01
-9.771327914903069622e-01
5.424311230920375593e-01
2.432018722531981147e-01
8.763756981074386498e-01
7.616596077800621423e-01
9.313975030940835342e-02
6.596487715576671018e-01
-7.143854704091445740e-01
4.296465010739125567e-01
4.515942105257704231e-01
5.528485317561178114e-01
6.809338958079846904e-01
4.074915613571949979e-01
-3.388782362168876738e-01
-4.028743566498960149e-02
-6.512466541371317863e-01
-7.684015733622768796e-01
-2.496437546085713277e-01
8.977852186785005850e-01
-7.532268215567887726e-01
-2.765256186406805927e-01
7.506994141718246194e-01
9.074782041072749772e-01
6.075847658563523490e-01
-9.480162159871550198e-01
-6.855925000830067617e-01
8.502774239429264913e-01
-1.338148886376238078e-01
4.580889398650164201e-01
-8.942850488964284583e-01
-2.796194241344327480e-01
9.577981463425105924e-01
-9.168005443665792065e-01
-4.110265443754494985e-01
3.184899997684195738e-01
1.957261704060537788e-01
-7.101922573880070644e-02
7.948188525317585462e-01
-3.084933233151877507e-01
3.533543920129462723e-01
7.470264030593731786e-01
-2.318894715539305817e-01
-6.269207306636181976e-02
6.521129311549980212e-01
-8.988136535449129383e-01
-3.871607958624283530e-01
-5.034612247540797281e-01
-4.082780938256278525e-01
-9.787282972029167638e-01
5.670466563018317085e-01
-3.647060599575300266e-01
-2.901584288064857908e-01
2.883791864773166402e-03
-8.590599988641949292e-01
7.668008989795402908e-01
6.346972285861544050e-01
-9.941626128462628387e-01
9.975450464760973190e-01
4.426928687050568634e-02
-6.623127010024589811e-01
-1.435336512485588800e-01
-2.741191431841135673e-01
-7.562592329916371092e-01
9.850362820127556152e-01
4.719586383779377226e-01
-6.808796095833915540e-01
9.851928301000355548e-01
1.015095976753841445e-01
9.536562717825345370e-01
4.062225991512940504e-01
-3.546641004776313055e-01
-9.701599897406522066e-01
-5.677147368898087798e-01
4.315786973492103940e-01
-5.646479941626170174e-02
3.398652894710025296e-01
-1.815711026995894262e-01
9.633320158581460957e-01
-4.430520453988024410e-01
-6.375982956441104132e-01
1.295714119623736504e-01
-8.896565210401683466e-01
-8.821570813272998635e-01
4.101501089338542849e-01
-8.613630008103934088e-01
1.510521125556527622e-01
1.733652398482572465e-01
-8.006783971629150010e-01
9.703178290801217631e-01
3.010127200770080780e-01
-6.164495613409076702e-02
-4.565076105059233669e-01
-6.279271043745942027e-01
-6.580723883647001671e-01
-6.463775762712675732e-03
8.602251529745243985e-01
-9.049909396630209102e-01
3.330094354142176805e-01
3.518467257202413379e-01
5.067261233489788186e-01
-9.819854815724265995e-01
-2.358702485723136455e-01
8.298296977811414621e-02
3.274509858885896740e-01
3.054107994376456525e-01
-8.180324325550678566e-01
8.396622181286668152e-01
9.448530926563099008e-01
-9.987897683064848042e-01
2.413509085184089020e-01
3.663787434488232631e-01
-2.813531090534617807e-01
-7.800801845039413429e-01
-6.044514996657652794e-01
6.570073744048277042e-01
-2.719049952668737280e-01
-5.313091000876735137e-01
3.713732783528462811e-01
-4.004058315487790676e-01
2.646766119572352416e-02
-7.947242732790718023e-01
-6.116064823235687342e-01
-8.274739250958446091e-01
9.118637018399857741e-01
6.339423006669568927e-01
-8.696316284337441971e-01
-1.119842036821479536e-01
-8.959950831524061687e-01
-6.439757572015794018e-01
-6.963430411104041262e-01
-1.439951455124328650e-01
2.972338896952344545e-01
9.629734825243609908e-01
-6.183277319399060890e-01
6.297156522812263901e-03
-7.175481947277304595e-01
-9.760599001667725760e-01
2.598399771817228032e-02
8.780665184669200762e-01
-9.946390647025458165e-01
-4.550418608738149295e-02
8.265141546929992700e-01
-3.556314767885901951e-01
-2.058925412563752388e-01
3.619519977596107330e-01
4.371880589403851491e-01
-8.782353747990359061e-01
9.969586551611081537e-01
-5.599875547453048164e-02
-5.282126565694731379e-01
7.586405787706060888e-01
2.012659893717216875e-01
3.610276797771096169e-02
-9.981620893917519943e-01
-1.735769959477519997e-01
-9.475133371061655874e-01
9.676958308649019624e-01
2.353170507086177476e-01
-3.592739614237099310e-01
-6.270089065445432208e-01
-9.763376209429504016e-01
8.324729264261949702e-01
6.515233974115397508e-01
7.673152733838577433e-01
5.551487287423715333e-01
-5.870778205721343124e-01
-6.088092306890082739e-01
8.728301238536912976e-01
-8.923489974676402925e-01
6.403798778987050966e-01
5.882686886652295222e-01
-1.149805491327526852e-01
-8.325494491322591450e-01
6.769102043629384724e-01
-8.835804140055325551e-01
