5.728616933604584460e-01
1.513172963128981419e-01
9.130330805134345695e-01
-8.897469953495493744e-01
-1.971106884744520116e-01
-1.045752399995976134e-01
-7.083617249070754962e-01
-9.262809250396060179e-01
-1.510274503999053941e-01
-3.871911745518847869e-01
5.876041241982141727e-01
2.565721341399125333e-01
4.401217220079347570e-01
-8.996268454601012987e-01
4.611767668215505100e-01
-4.319602454776487743e-01
5.147198106038842758e-01
6.125655538347836160e-01
4.912004321473362189e-01
-3.088214099070701879e-01
2.990404942894828721e-01
-9.894213758176511053e-01
-9.143584894412586372e-01
8.560356416026018156e-01
-9.708008289838714333e-01
3.749353403203459223e-02
6.824434670379249113e-01
3.322642523838723605e-01
-2.737554740987555579e-01
6.719692783215722165e-02
-3.613776839206122027e-01
-8.416506893693771474e-01
9.723307145304741494e-01
3.550158691865993310e-01
9.036898338291552424e-01
-2.893237074857844537e-01
4.956818036538317429e-01
-6.003696919934746745e-01
8.194153911410138047e-01
-4.566932030263233244e-01
2.485286272788278517e-02
3.612857921332399691e-01
9.976165978696004411e-01
5.672561217183457183e-01
-7.205184836313887065e-01
8.569245186110846513e-01
-5.731419165313751396e-01
-3.129516784532282436e-01
-2.460953452541574382e-01
-2.658903480084733317e-01
2.419423377101221906e-01
-4.921454916983081240e-02
2.331202937530738595e-01
4.051975898053656877e-01
-1.138183684779031368e-01
-3.355685223279292195e-01
4.009415222517687116e-01
4.735476456821821056e-01
-9.493798353438074322e-01
8.073799259425882280e-01
-7.806886363459641931e-01
-8.154322525383703724e-01
-7.382856093905720840e-01
-7.619712679876369243e-01
-6.182292558246027525e-01
4.903132255914901538e-01
9.994711974793376585e-01
3.650210301992133921e-01
7.561422656797144315e-01
6.831713541970583226e-01
-9.212368577744983744e-01
-9.967758280224107148e-01
-2.931130126576230177e-01
6.387928847878443506e-02
4.155884838264032322e-01
6.196720863509297406e-01
2.240402860342580738e-01
5.921987242420934106e-01
-4.124937807050663707e-01
6.257027902640428518e-01
-7.099102225497870844e-01
-1.033564580824730683e-02
-2.475319172599725337e-01
-7.606194259280325554e-01
-2.107185551344579189e-01
6.772969622337641216e-01
-9.446980763868391140e-01
2.331272743178780527e-01
-1.241105125089076999e-01
-9.987756830098868388e-01
-3.031968859065548028e-01
2.031465939602663529e-01
-9.128775716785770822e-01
-7.102998634789101651e-01
-4.023816839517694310e-01
-3.167095578809379086e-01
-9.835528552801157121e-01
7.553504755568862805e-02
-6.921135740601469521e-01
-1.727713654395324205e-02
-3.906242585651493737e-01
-2.414639112438097257e-01
4.697342058511492224e-01
5.531523258922848019e-01
-3.990397416688145071e-01
9.788124399094353389e-01
7.077343876446746673e-01
-3.166353887767254793e-01
1.058400709463229727e-01
2.865457181564432521e-01
-5.750405520885761845e-01
-5.010557945209628272e-01
-3.222998265978471721e-01
-7.166117174805575196e-01
-2.986351799537386720e-01
1.176293324101096438e-01
-8.869385192545087282e-01
1.644926063241523018e-01
-3.449455237532671470e-01
-5.345296943804200840e-01
-6.425087170484534704e-01
-4.254372840959725899e-01
7.114264303129111955e-01
7.708613022097695611e-01
-9.419535414643313009e-01
4.600710633415296957e-01
7.877531157238701898e-01
9.760457420543948714e-01
4.369298305929398829e-01
6.767492949039577432e-01
6.042994966770743881e-01
9.550039705265023215e-03
8.016945222396018034e-01
-7.323698850601070287e-01
6.074132710533824975e-01
-9.806055676143961009e-01
-3.738946298005831892e-01
-9.076825098626394306e-01
-7.780690712030658984e-01
-2.069094434904406032e-01
-6.349238498481433179e-01
7.054083799968131618e-01
-3.431172492563029364e-01
6.729433523222458913e-01
3.336365391075062359e-01
8.189435739721699914e-01
-1.227122459302754098e-01
3.786195143031929611e-01
-9.422287225692347334e-01
-4.438791726682457528e-02
-2.684899808662037923e-01
-7.633933070153453571e-01
8.402153619437053855e-01
3.247242921032600371e-02
4.195362878068620294e-01
-5.614717810449199042e-02
-2.668697131849012139e-01
6.674080052227882032e-01
-7.115475619068665214e-01
-9.159145212929891144e-01
1.631435516873060987e-01
-7.615175564966500943e-01
8.928701504801651589e-01
-9.723809255999451562e-01
-2.671951187350860568e-01
7.108370224680373717e-01
1.633471792351153251e-01
-8.413631962852774482e-01
7.152488512103245544e-01
-7.124961393633232332e-01
9.662424439919448105e-02
6.774931296353654542e-01
3.256724975271378941e-01
5.713109504920577120e-01
9.214049148022962488e-01
-6.417107947604572260e-01
1.073750582610561999e-01
-7.423978045469985521e-01
3.754329372074054483e-01
-4.010866725350850093e-01
8.122560324610006433e-02
-4.669706927469878810e-01
-7.017429559964705188e-02
-7.279545151834259098e-01
5.730804258612802737e-01
-1.395408167363121343e-02
7.279506181796699948e-01
-4.906561588861377277e-01
-6.227439203379592225e-02
-5.907765872680437180e-01
5.660073653650363745e-01
-5.521715821817556602e-01
-6.267606701922388002e-01
8.307915373598927511e-01
9.470362565969482338e-01
6.475589759641053877e-01
7.873855475710126450e-01
2.548139965213755964e-01
-6.622682951839915511e-01
3.100726709225760103e-01
-8.339045442260681895e-01
-7.124046985432677115e-01
7.172696852531168510e-02
-7.048731221181370188e-01
-7.562917140452523057e-01
-6.409721500229470514e-01
-7.840203037954169840e-01
-6.405136508256292771e-01
2.637817599888234721e-01
3.282367558621474002e-01
-4.682136339319751261e-01
-6.819210120709418010e-01
9.476425388124700699e-01
3.639656586878783351e-01
2.566246154890576836e-01
8.249251762466336402e-01
4.899035902226733796e-01
9.970588457927531678e-03
-4.136604692782142045e-02
6.167473137227146296e-01
6.363705285871981698e-02
9.806219304668994940e-01
-4.487180519301605663e-01
1.403994950065869940e-01
6.212138644917117869e-01
4.075542233769802181e-02
7.670347094982169489e-01
9.018486388589139757e-01
3.812060109735722624e-01
-2.686154863026364303e-01
9.215485920600419156e-02
4.107553424654289409e-02
-3.862101588795519014e-02
7.649253306323966495e-02
1.742695368969862102e-01
6.000806451788471829e-01
9.511221645731572361e-01
8.690583021970359479e-01
3.066682738990829105e-01
7.033490838893272645e-01
-6.837232491885332220e-01
-9.573746465515631243e-02
-9.811830053023304909e-01
6.005247372027259223e-01
-3.455258008621298060e-02
-3.482998580728838833e-01
-7.841277492320277709e-01
-5.762815540019543548e-01
-8.615606815833098953e-01
8.718251614718885989e-02
2.509523949698481138e-01
-7.163029547212819148e-01
9.990360069421480027e-01
8.449009425799768325e-01
-9.978349940892431436e-01
-8.298538500498887638e-01
1.099755175154287778e-01
-7.945217605670082950e-01
4.609748445498254577e-02
-6.826354130467032766e-02
8.038930736031355551e-01
-1.190876403195046951e-01
6.773159409070967918e-01
3.172306403973895739e-01
-4.802565844404369511e-01
