-6.563097967362472307e-01
8.092603771201245522e-01
-1.848836525555463961e-01
9.607580803940256597e-01
4.257637400861475907e-01
-5.745374266971787769e-01
-2.377115761932389049e-01
-2.419506519240406384e-01
-9.978471020185779583e-01
7.115355803523112366e-01
9.874269793919614457e-01
4.051259460735252560e-01
-5.145648881893838400e-02
-6.657255157810093582e-02
-8.259543246411815698e-01
-9.995514998487330383e-01
8.894149322943641911e-01
2.864922572416086499e-01
-2.905130718903083942e-01
-7.741526511410794509e-01
-8.473172632099726931e-01
1.615833723221422602e-01
-5.327847577981131844e-02
-2.995331614514860075e-01
-3.344658103293715046e-01
4.067138208423838330e-01
-6.076452699906895738e-01
1.202926201865300582e-01
-3.224355321337466496e-01
1.516441320074899402e-01
-2.339602653252015330e-01
4.888878285092255194e-01
1.121732563374651104e-01
-9.920343277006347105e-01
-7.140342659092162592e-01
-9.999141106969103854e-01
4.376216553690870370e-02
2.617262476404036420e-01
-9.996726791579614302e-01
-8.398614925317833269e-01
-8.068791514171621548e-01
8.151606091569099100e-01
-6.774501576098205247e-01
-9.763943167098374509e-01
9.311173498173145324e-01
9.241155498524706857e-01
-3.474856810538222707e-01
8.722057771041278329e-01
-2.313423283780250417e-01
-8.068269560577869814e-01
-8.392992719385663491e-01
-3.609069377016680402e-01
-3.956157729294416114e-01
5.110624677415054329e-01
-6.808988132675816152e-01
-9.311507329646022679e-01
-1.911995146010475044e-01
9.529669873437613958e-01
-9.721881125228364340e-01
6.994098651356805973e-02
8.963440113913914153e-01
-3.549843708317665936e-01
7.905508169471395785e-01
6.400230032773959188e-01
1.267273961859716191e-01
9.905790337398709955e-01
6.867629299915702923e-01
-7.634490922836407734e-01
-8.506117227275122872e-01
9.868288679097829696e-01
-5.228770463923460010e-01
9.230034448852775242e-01
-6.773778494134066186e-01
2.536222226479056818e-02
-5.555175897131890972e-01
-7.169129760291884645e-01
7.047600426817455244e-01
8.401339682130037900e-01
1.230951818974701517e-02
-5.971777271260904074e-01
-2.712638896082597562e-02
-9.903710185570686608e-01
2.913316707376656378e-01
-2.400036810162771150e-01
-4.173140388010240232e-01
9.565445911222577591e-01
-1.064416584925242937e-01
6.484959060076036508e-01
-5.339821005738527582e-01
-6.375970928230534351e-01
2.178945972594203973e-01
4.070914574567148225e-01
-2.417125837913854935e-01
1.760977624852126944e-01
-5.257121966199576057e-01
-3.258045438730905463e-02
-3.473114222863258327e-01
4.404316602377313927e-01
4.479224300291448913e-01
8.664064472241017612e-01
7.527422002488999286e-01
9.603815042471020025e-01
2.937651244356720426e-02
-1.418555287793212827e-01
-7.711848523047570847e-01
4.261933328817735234e-01
3.570189106272383395e-01
-7.805281144577278507e-01
-2.031649163724793539e-01
5.080050961087192452e-01
4.872196697642088292e-01
-3.159910201743003633e-01
9.009554668016295231e-02
-7.622300621266335785e-01
-1.940812212159590544e-01
4.318895679707155377e-01
-3.233507651393328075e-01
-6.846383098115556010e-01
-1.400219385658665883e-01
4.097900988787979148e-01
6.355531516741148579e-01
9.389636024097540723e-01
9.988075168925117930e-01
-7.908472350061912515e-01
9.580229927603101103e-01
2.138909262864709393e-01
7.913521252109725346e-01
2.666801289145698806e-01
-1.121762956540988121e-01
-4.533335618317377858e-01
2.357608017939649692e-02
7.047982368954511800e-01
9.599047034011441992e-01
-6.339663552023422355e-01
-6.681636128691120780e-01
-1.900229550551535418e-02
-5.781970098247539713e-01
9.705258519733155342e-01
1.830564275469555025e-01
-8.989033910502839397e-01
-8.208939152390513083e-01
2.927152535217465434e-01
-1.567512547092289044e-01
-9.730986309225682085e-01
-1.375346129521151928e-01
-3.104380370523346366e-01
-9.586506301094497307e-01
-9.970382489085938271e-01
-3.556729326341058206e-01
2.929704106028812038e-01
9.932192919314399848e-01
9.670335609431204293e-01
-8.229450039643038117e-02
-2.348414296075872487e-01
1.266629904630076631e-01
5.339945255214169073e-01
3.387284221371697490e-01
9.834312963675967412e-01
-5.256414354165206415e-01
-4.294464926818071238e-01
-7.594833629874864211e-01
6.483393213065093974e-01
8.224408626912116382e-01
5.298626542302626863e-01
4.932527999641028726e-01
-9.066389169529254222e-01
2.342529420607977197e-01
-9.947518504588004351e-01
2.240621770411981295e-01
8.389935008458324628e-01
4.724813574805437622e-01
-1.488707148618205467e-02
-6.292738659636518683e-01
3.495376116019577317e-01
-1.570002301305128967e-02
4.449014794784575955e-01
2.852084504793656050e-02
5.734407745328136130e-01
-6.056855986651370483e-01
1.461566877499391737e-01
5.398656596432509502e-01
8.475801716940216668e-01
5.728935224074827026e-01
8.757432049421196574e-01
-1.717094931776365629e-01
5.156327023848163993e-01
-2.327210013736130678e-01
3.346702845149496230e-02
2.999693836911516698e-01
1.098691152486026557e-01
8.390466767247279911e-01
-1.255172601220577722e-01
7.168355796827660109e-01
-2.533033483961154575e-01
7.831634228985030755e-02
7.647427950824967624e-01
7.062107882302544049e-01
-4.683372813766282228e-01
2.927379888116212747e-01
7.227776634517479870e-02
-7.081634676259493943e-01
4.873662311605964081e-02
4.974174432335402019e-01
-3.162696083905685018e-01
9.214169825117317636e-01
6.310808283985940292e-01
1.125566861440316924e-01
9.761102554872055359e-01
-7.659167324951459133e-01
-2.791642989529141694e-02
7.867700660326002460e-01
-4.065737947398931906e-01
-4.000738041274741752e-01
-8.023061574042895661e-01
-3.560906602957643052e-01
-8.763613717865395003e-01
9.545143846316759273e-01
1.534540537835846763e-01
7.432190463486860743e-01
-8.480301577268356539e-02
-3.548250575962237363e-01
-8.055400667111789481e-02
1.247294310814758278e-01
6.538953586563320819e-01
-5.031315705801775451e-02
-6.868353441809680326e-01
2.643696728107705618e-01
2.553307950485139699e-03
1.360189550236601264e-02
9.431119937806782261e-01
7.473817392775539137e-01
-4.372012217685217195e-01
3.428654358465049734e-01
9.547769290789549501e-01
-7.963771553340892595e-01
-9.223293485968837579e-01
-3.682890784273233908e-01
1.881519708679195713e-01
-6.874797694927121672e-01
5.413161513936781688e-01
-9.982163224633977539e-01
4.764300387760839195e-01
9.918067941250252595e-02
8.489957432394408254e-01
6.118749424229334988e-01
5.470816822441608718e-01
3.704178730900675731e-01
8.195206713918692376e-01
-8.876240965717797637e-01
4.543886021030284494e-01
5.430120026302169833e-01
-5.653862557559876656e-01
4.375270989011494915e-01
-5.117486639100731205e-01
-8.512285067933080818e-01
3.311305302461988731e-01
5.072640050478915974e-02
-8.404268728000217070e-01
6.998476813681924202e-01
6.856581415465879958e-01
-9.852656721252661676e-01
-9.248398935288812961e-01
-5.484814095445655902e-01
9.173993826424471365e-01
-8.607811630823063442e-01
