-3.964392061044658133e-01
4.293380043049666028e-02
-6.779279172373775531e-02
3.952342910015116395e-02
2.989598208406782920e-01
3.442395602366502549e-01
-1.491235365277645553e-01
6.157151492024794948e-01
-6.097219692575085448e-01
9.790410602439153509e-01
1.268761057864162822e-01
7.325165960751738314e-01
-7.707016013249694542e-01
-6.796649750286321012e-03
7.212707997602210153e-01
-9.592859026899034358e-01
-8.055441943499731527e-01
-8.740253719143162847e-01
-8.104721903570495378e-01
8.787678177038664717e-01
-3.042921462878216410e-01
-9.113489738320983136e-02
-8.666600506445969465e-01
3.191683883182656611e-01
6.139033437733780740e-01
1.232050812109589666e-01
-1.474062517365547498e-01
-6.498777989668007571e-01
-5.014931981404830985e-01
-5.306820316582308017e-01
-2.356755075128242893e-01
9.823125648704281732e-01
6.451364935934700284e-01
3.697837464925608497e-01
-9.596306304088280115e-01
-5.632725982690443001e-01
4.722500651204437627e-01
4.368979639485836564e-01
5.260982767315467434e-01
9.673683515838873426e-01
-6.334469060988756617e-01
6.627539807475839595e-01
2.661496131980383151e-01
-6.490006177147038535e-01
4.616769062388359490e-01
-3.261277819850338933e-01
3.554119371609522071e-01
4.668753862095689211e-01
8.528243191087137021e-02
7.861554389310283497e-01
1.788670234907074885e-01
-9.717854335054286752e-01
7.891353140014338852e-01
-9.712908245421388864e-01
5.274189744733480678e-01
9.594033584007306548e-01
-5.831341162166960856e-01
-4.864629053689328853e-01
9.667939232782565284e-01
7.923781738044246570e-01
9.047649885284705373e-01
-3.367705694314355735e-01
1.729710452749047001e-01
6.359947350307981750e-02
6.718896504310392093e-01
-7.179475786005309335e-01
-4.518617078319639990e-01
4.662747253819041759e-01
-5.671982420587249329e-01
7.444895954448813580e-01
8.322922017953611196e-01
-4.416858017380951296e-01
-5.229612108526953129e-01
6.494237930121236069e-01
4.709315660660700065e-01
-4.244176198811855372e-02
-9.762944062121814426e-01
5.788354009900302799e-01
-1.213086067813240465e-02
9.167021778189072823e-01
-1.915779833451873304e-01
-7.234200302675675154e-01
7.109503186015775356e-04
-3.472255923793608479e-01
-1.203121529626576258e-01
4.484017050443055430e-01
-9.440761241329391762e-01
9.264881387615506725e-01
2.112935576546512983e-01
-4.596639575252947640e-01
3.791703536911915640e-01
5.176824197977347719e-01
6.841655528151056043e-01
7.880331716232380490e-01
9.787151051322464657e-01
-5.681414696252871099e-01
-8.193150029569652437e-01
-8.829068788968705839e-01
-8.141700539558585081e-01
3.287575433685696602e-02
-1.611928589044402393e-01
-5.570861539760656456e-01
-7.760985368816384344e-01
-8.622800079936734363e-01
-5.924508638542629324e-01
9.061089608409589324e-01
1.270389731531716970e-01
8.397481648709994584e-01
-4.584177288674134987e-02
-6.651681747509552434e-01
-5.372115771931934569e-01
9.324164253215294629e-02
-9.914592658820220450e-01
-7.371173555437596780e-01
8.647831801106173888e-01
6.461134584300919359e-01
7.452270263334940248e-01
-6.707630942050288869e-01
-9.030703290786904480e-01
-8.189390302560144441e-01
-8.039840154740017786e-01
4.986099514296752355e-01
9.730463962511868292e-01
-6.865772663621657612e-01
2.856819799141651628e-01
-1.680061205975569294e-01
-3.020811024634342257e-01
2.187354657636535471e-01
-1.614073481036615298e-01
-6.625261559450763560e-01
9.323666610803037491e-01
-2.083007548357136418e-01
3.287181282290108086e-01
1.897253779376384397e-01
-5.056222846593226572e-02
2.663089745103937034e-01
-4.896426103048518996e-01
-9.144625515635804724e-01
-6.525976885805049310e-01
-3.714098134970490461e-01
6.373404145113756858e-01
-3.643981605665544965e-01
-4.995081240903167519e-01
1.585304142210364198e-02
4.089513702796088168e-02
-3.836630646837596026e-01
-4.515558541495663381e-01
2.288997284659610720e-02
8.423276679068442130e-01
-4.094303686133702325e-01
-8.622504163174142811e-01
8.777637606698084349e-01
2.844258571710616135e-01
-6.074728872276577984e-01
-3.788567815501826530e-01
1.945512683438335166e-01
1.257442689782470868e-01
8.100426205315978123e-01
-5.286823201576280884e-02
4.185375288525785553e-01
-5.848549730077157172e-02
-4.527952278086091464e-01
-3.671277778737411790e-01
5.493106301116559287e-01
-1.177826464564446507e-01
-1.850199243118286763e-01
-3.649665364678739143e-01
9.635787080522004722e-01
-6.458155473062539009e-01
-2.448681096571715399e-01
7.424058577017695892e-01
7.474519805656889559e-01
-2.030710372176158796e-01
7.944193498417235766e-01
-7.585604274849055972e-01
3.217254746831855194e-01
-8.962170305309744567e-01
1.924428775847515372e-01
6.441085520509699514e-01
-4.718808094413219356e-01
9.196394262077839388e-01
3.127655050459143826e-01
-1.912402438863953780e-01
1.380758488107266535e-01
-2.065410915544536596e-01
3.546655453813453152e-01
-6.060657508656597248e-01
-4.377957771171074874e-01
9.181451977171213308e-01
-2.211366664176666053e-01
-2.272133562806049056e-01
5.144412659897201756e-01
9.525128813400817185e-01
7.478388055719283889e-01
-8.643916302911822669e-01
-8.807864926618256263e-01
-2.081874719974421417e-01
-9.097096104953604767e-01
8.893303933520384508e-01
-5.438370217541443896e-01
6.271339300684390938e-01
4.796484702641279352e-01
7.280950357419391228e-01
8.049620449419354618e-01
-9.994034620615632747e-01
-1.234102334019386848e-01
-1.899007055237085240e-01
-8.584883073628091221e-01
6.997741528156271595e-01
-2.465376293309968769e-01
-6.509276471411649112e-01
-8.788054400566902569e-01
3.281665545788812199e-01
9.585459539079187463e-01
1.444244104191114708e-01
-1.868538942726134522e-01
-8.838883178969060284e-01
6.170426904760248910e-01
2.237092230709005758e-01
3.993323113325819573e-01
-9.454959658919754872e-01
4.889311127948283708e-01
-3.677849283634304633e-02
5.846953566914876443e-01
2.507993116709387738e-01
5.005057003899486823e-01
9.778505326042750134e-01
6.124757484268403829e-01
-5.646755211562017873e-01
-9.302792987939031422e-01
-8.361966771792709308e-01
9.284748196992305136e-01
8.920237512414536107e-02
-9.697233452702261336e-02
2.030719423052722572e-01
8.091680501347211507e-01
3.856494705950398449e-01
-5.372037088525349890e-03
9.744318177305171247e-01
-7.592527165257862976e-01
1.093968844639074955e-01
5.905358501297297558e-01
4.237529628596534148e-01
9.307515098087977279e-01
-9.190437072683290687e-01
-1.703861509345736547e-01
9.835562025022108745e-01
1.312805911206053056e-01
-6.565745923885786262e-01
-9.121445119575466443e-02
-8.570689266459234901e-01
-8.770724705343400096e-01
8.425926824039856600e-01
8.204766182708520539e-01
8.525149087858175934e-01
-9.955842048581216019e-01
-9.754159630690697469e-01
-9.912074899182989896e-01
3.363706184443993052e-01
9.231335272107986656e-01
-3.645135069686438190e-01
-1.918352163782726105e-01
-6.627650336159423006e-01
-4.599928230002625629e-01
-5.133618500565750864e-01
