-6.967974705813080316e-01
-7.438509529088419558e-01
-9.549205813492211981e-01
-4.706199262623829149e-01
-5.543646816906939723e-01
-8.804925854696818988e-01
-4.256793997408903074e-01
5.938350967131269531e-01
6.520859517601047539e-01
-9.989125440709489823e-01
-5.980800542390312113e-01
7.414119280167270620e-01
-3.421307590076161365e-01
-8.259593786047794151e-01
-1.982125143470245821e-01
-8.632519533603206785e-01
3.511462727494145675e-01
-6.853377090412032802e-03
2.791616933704856862e-01
9.825104920660003849e-01
6.809963018288838210e-01
3.342136430479436537e-01
1.121126706119306427e-01
-1.332480974723480038e-01
-6.654619171886770879e-01
-6.355408542074582057e-01
-3.726984424669772533e-01
4.063255979420998809e-02
3.027271265288273838e-01
2.063589268695837919e-01
-3.661691621903817029e-01
-9.596807215153366766e-01
8.112685669181214365e-01
6.532711621128712842e-01
-3.150351699564841734e-01
-9.374566442175549241e-01
3.411139554294709830e-01
-3.839922879487975838e-01
-9.895000837402576632e-01
-9.990683596535387956e-02
-9.637807647238390008e-01
-5.198906403731342607e-01
-2.684600742450725108e-01
1.258933977050338271e-01
-3.557044634691647333e-01
-7.825526579301844698e-01
-5.420288192248108317e-01
-6.584298976075555476e-01
-2.622750978176937586e-01
-6.133324079380622074e-01
-9.810904982394226259e-01
-9.490028938932504321e-01
-4.505144573597175128e-01
-6.256118113826945049e-01
7.814269286397055314e-01
2.365285204506715200e-01
2.682936465186762653e-01
8.390970828175614571e-01
-1.487602602785980110e-01
6.454619941605064248e-01
-8.776083519719286574e-01
5.494615162576566014e-01
9.062469679512734633e-01
-8.240991679192767316e-01
2.990595154551400903e-02
5.023063151954150207e-01
5.820923198601170023e-01
-7.187712180147391994e-01
-3.276631812414221301e-01
-8.624435989423742122e-01
1.841578513959817309e-01
-4.453500841807638277e-01
-6.243147683111339719e-01
6.543137818593922628e-01
-3.537007714471523401e-01
-9.203577715261752612e-01
2.662240934008024418e-01
8.390229069294057318e-01
5.677149776687500093e-01
-5.913757079192181187e-01
-2.626424020972576434e-01
-8.645514089126089541e-01
5.630154228589594467e-01
6.422755012228404947e-01
3.853127335654999985e-01
3.035074622527398347e-01
7.865621449418225275e-02
-9.687660061511725873e-01
-9.289561355294098099e-01
-9.650609636521526591e-01
-9.455745019221125647e-01
1.267482943619508973e-01
8.319333969089592884e-01
-7.901589859285844675e-01
-2.025627092716675293e-01
-3.133700489591206839e-02
7.615698658676572919e-01
-4.239126791132692418e-01
8.073256134484070312e-01
7.554791591664791195e-01
9.275654306728595699e-01
-9.921829645443528412e-01
-5.592816076551840876e-01
-3.572081062689791420e-01
4.573683945400919271e-02
-9.370771448993007180e-01
-5.381932660229358234e-01
-7.310325196747942122e-01
-5.828995952503863709e-01
-2.130517621234480075e-01
9.577100280854727865e-01
-5.489710090613175719e-01
6.178195459904366471e-01
-9.908245797486123774e-01
9.978741883444917082e-01
-7.465793198671824005e-01
-4.976417532045027681e-01
6.741698828375435326e-01
9.221911020760167332e-01
-2.036168289285444910e-01
1.065158942434121236e-01
-7.743146769092354997e-01
-1.907039815420707995e-02
-7.914677249727586350e-02
-3.028807502031056753e-01
5.608595882827906998e-01
-1.212319810377184837e-01
5.665346597879028501e-02
-3.702177526241114958e-01
-1.960056275714725516e-01
2.138312639641410939e-01
-2.475238570692321893e-01
-9.584613409050888322e-01
-3.625545427462031345e-01
-7.915064478902233969e-01
3.816987316218930504e-01
3.412482179810290561e-01
-8.744952285695810623e-01
6.255954124209003320e-01
-8.899007831256680046e-01
8.816965705360291228e-01
-8.841402947425882619e-01
4.204051916865176874e-01
-6.504847683116106172e-01
-5.744112168090858006e-01
9.793430566701261109e-01
3.797288998510250924e-01
-6.428215509268060401e-01
-8.056405395487682419e-01
-3.555648557786958985e-01
-9.324620501729303790e-01
9.649436454010469344e-01
3.665542867370292779e-01
-8.805276538562892830e-01
5.335146705493276631e-01
-1.504384159919696096e-01
2.834603150524221959e-01
-1.690841135046201593e-01
7.352436216175441963e-01
4.629323459930586027e-01
-3.701053837550269954e-01
2.102649941888756757e-01
-5.635198755582748742e-01
-9.851351447854312937e-01
4.968137820564308971e-01
1.908791879685489690e-02
8.000141978100123730e-01
-2.485396616105015610e-01
1.808234993798599755e-01
-3.646808003613537519e-01
-6.335171204103329234e-01
7.227064920861305808e-01
-7.613509862793015337e-01
7.213093643353671869e-01
-2.416547215861891418e-01
1.172859535664776409e-01
4.040183956813649946e-01
5.873785901760899542e-01
8.555438500778456135e-01
-8.038967039030016082e-01
-1.402985077872822561e-01
1.937767497789943949e-01
-9.837304306736689707e-02
1.699336382060481765e-01
-5.820137343402198571e-01
5.445147259120193262e-01
-6.660576311345247635e-01
-7.575789930267221584e-01
-5.213992788609058682e-01
6.344799643829701630e-01
-1.529190461933351841e-01
-1.558912136706660512e-01
9.986238287325188701e-01
-9.741560917060477776e-01
4.151879744727042798e-01
9.282213793976439309e-01
-8.409920220824421699e-01
8.224710156770927982e-01
-8.621494728975052091e-01
2.120376844809980788e-01
8.774185150280133794e-02
7.992339649557809178e-01
9.428183239556410244e-01
1.291698190966608095e-01
-4.960248029776742063e-01
6.487594414665456277e-01
-4.477425947452720045e-01
-2.785296897780806802e-01
-6.698930007327998926e-01
5.472077637308445652e-01
-3.567804056015082548e-01
-3.337041680846202230e-01
9.954078330404927399e-01
-5.019221210669884137e-01
-6.975072749160848851e-02
2.570318725035036778e-01
-6.575362096015402447e-01
-3.783897246229392941e-01
-7.140015865193278799e-01
9.224604460292978869e-01
-3.207822843027119397e-02
-3.049048868516593958e-01
-9.381187643562516332e-01
-9.451497460884665802e-01
3.360116776072958888e-01
-1.225172790104431808e-01
-8.531389492812008202e-01
-2.245898306648947962e-01
8.377808300587517021e-01
4.024219964563966467e-01
9.739603376285866920e-01
1.382285818985236059e-01
-3.723798292626432360e-01
-9.046344665821082209e-02
-9.009160329926118038e-01
8.773772171761742289e-01
3.267990455803229111e-01
-5.042998852336575411e-01
8.834511399719788827e-01
-7.753399812500609833e-01
-1.301880815787570533e-01
3.766664814123226179e-01
-2.565100919401981372e-01
9.979584673107131376e-01
5.165161328398235607e-01
-9.729278321037188038e-01
1.769379066651390886e-01
5.123422491869056294e-02
5.932863110967628861e-02
-2.765455422844533828e-01
9.358775730075242771e-01
2.098818047192976266e-01
-4.992731136942336612e-01
5.229165853639941020e-01
-3.714743645429121055e-01
-1.458066684492189680e-01
5.617199598967662633e-01
7.534748966559488004e-01
3.034770647687253797e-01
-4.468203642929831076e-01
4.954006787145042168e-01
9.402395036379140869e-01
-8.153125602522084403e-01
1.235076169844586680e-01
-5.688925663679478273e-02
