-1.275827704535952289e-01
3.842845654684070578e-01
-1.038209847909261629e-01
7.550655543044957341e-01
9.128384421396882331e-01
3.181568671509333868e-01
4.307383195123208885e-01
3.670321992212342010e-01
-8.071905695789363122e-01
4.905191210821897574e-01
-9.548815650163748892e-01
-6.077342762176276558e-01
-6.419754319891326499e-01
-3.571744485901469091e-01
-7.621933158823746002e-01
8.932606200949970710e-01
8.865137567911298699e-01
9.170044147564819781e-01
-4.062232250208364093e-02
-6.946429317972315776e-01
-1.847417724633113600e-01
-4.414775187973765114e-01
-3.397916350872769442e-01
4.652300838665777150e-01
-5.799803146583464297e-01
-9.038577033929970916e-01
-3.087146173730337395e-02
-2.422728837373933075e-01
-8.130829730152899781e-01
7.860685035620968986e-01
-8.852798172461981974e-01
1.832005286105753417e-01
-4.038327543221236215e-01
-6.608754519331414556e-01
7.439119019745978889e-01
-3.168856344170103423e-01
-1.485370464986657257e-01
5.238016853899802872e-01
1.765087475439508502e-01
8.399960157189794163e-01
5.284234220181807107e-01
3.101760878363941654e-01
4.199208039015451810e-01
-5.231452079155363144e-01
-2.491215993333768530e-01
9.302649920109409276e-01
5.723010571609286057e-01
9.730809478465511919e-01
2.460848406825633106e-01
-5.193611776134441360e-01
7.542319760349720514e-01
7.010952953128166687e-01
3.899126321011123775e-01
-4.359636995823397143e-01
-9.568962223414465562e-01
5.252701089464795192e-01
-8.533230258441726335e-02
-4.237451448444640167e-01
-5.352479313513289760e-01
-1.917828619623063169e-02
-8.583790043288888061e-01
5.079891304116701534e-02
3.385309039374306828e-01
-7.711776325246111341e-01
-9.241730080163725880e-01
-4.177922316957873861e-01
-7.187785494363230221e-02
7.322916542008341967e-01
-3.418214500439478165e-01
3.346975464998627192e-01
-4.006296130838116198e-01
-8.459059920351341688e-02
-3.760388852132057202e-02
8.776518800929888897e-01
2.226759982479697975e-02
-1.401876425681509719e-01
2.684082630725954655e-01
2.383037874896343222e-01
8.677866317118967388e-01
-8.758037568071306289e-01
-7.235208537545130270e-01
9.149432799797021509e-01
-6.080345634834176671e-01
7.422433709831510740e-02
-3.803167314424356071e-01
-2.456885171720297745e-01
2.669480375796084992e-02
5.295437359451851123e-01
-1.459705511423039503e-01
7.900783528123418442e-01
-7.720988003841542380e-01
6.110125819688649873e-01
7.502320962391981762e-01
9.022205662523596903e-01
-3.512426625454385665e-01
-2.426942438350316866e-01
-1.285088670970531144e-01
2.571907211139505822e-01
-6.893943581131398712e-01
3.360068345062874329e-01
6.110130627786685142e-01
9.602429564778023341e-01
-5.297344551299549842e-01
5.807540816964855690e-01
-6.671910446596980293e-01
9.366108416773932799e-01
8.065792594484411104e-02
-9.732606152156588752e-01
8.339878754219829382e-01
3.755702416043407155e-01
-6.368372777398658702e-01
-6.349208859863022525e-01
-2.843610977729389422e-01
-1.757794579938942725e-02
9.697121825691761288e-01
-9.706402902892257156e-01
-9.057459260259386191e-01
4.816210749769946897e-01
9.041638211511138223e-01
-3.951287365686197983e-01
-7.369604724287708297e-01
9.444063582001294144e-02
-7.582320449504009741e-01
-2.026933404746720235e-01
-7.655456885291254121e-01
7.518411564250491175e-01
8.602782817427678808e-01
-5.524863311338943372e-01
9.249734935317681650e-01
-8.424219226293523377e-01
-8.700435231195533525e-01
-4.209958296237863440e-01
-4.858442337646984299e-02
7.625034767965799265e-01
-8.824926699798358865e-01
7.061407817177611790e-01
-4.032688360905705149e-01
7.169154390673804222e-02
-2.927251234988368367e-01
3.831198936296493773e-01
1.227683223943243362e-02
2.182838241496036780e-01
1.853159162503597024e-01
6.828065536578198369e-02
5.174815551804790026e-02
6.372947816103402552e-01
-9.898935194389131276e-01
3.568722192094251344e-01
8.957143675558412177e-01
3.757057953973892417e-01
-1.247087078820627859e-01
-5.336960135090191848e-01
-9.347674608261979934e-02
7.785219609106259764e-01
1.312352884662093544e-01
-7.422468825092691791e-01
4.080006546291259362e-02
7.659414551031960006e-01
-1.505467569138896344e-02
9.155686382717806993e-01
7.772026112290797428e-02
-7.625075735436463997e-01
6.345658642036076102e-01
-2.491107548793385362e-01
4.242804653406850868e-01
5.605612550870198163e-01
-6.343596419648303009e-01
-9.175673538584834255e-01
-6.808855356273602055e-01
7.847973940085977151e-01
1.681528938044762889e-02
9.594595350634893549e-03
-6.956599227953839115e-01
9.829119374168628909e-01
9.154946404768877777e-01
8.838432030067213674e-01
6.545893211466762285e-01
7.502629857276255088e-01
4.780750337993611154e-01
-1.707347177216840262e-01
-8.670604172566183099e-01
2.060430642003658885e-01
1.402429523290660285e-02
-3.535589986671470175e-01
8.224085531273546135e-01
-2.318346992501634229e-01
-1.521444992102400917e-01
2.849949218098974946e-01
-1.677027938125295048e-01
9.506429002601766154e-01
-1.318948913788604571e-01
-3.761483508301388667e-01
9.940441772489789773e-01
-4.073310291837859420e-01
7.191385602893749507e-01
3.898256021017663109e-01
3.191031147432754622e-01
-1.726778997603384269e-02
-3.536306875806187744e-01
-4.868966415208115794e-01
-1.501612055923524647e-01
5.855056265588869380e-01
-9.170753866374707908e-01
-1.857023951196272726e-01
3.662549777023538233e-01
8.680558046440567388e-02
7.192102093247247918e-01
4.473197849398173886e-01
-8.506287769887512784e-01
-9.055268875779558524e-01
-3.490423055607820846e-01
-3.306799079894262583e-01
3.735259333453400110e-01
-7.125272025111071272e-01
-8.481084028269045838e-01
5.192683565115412403e-01
-1.633584184095275837e-01
3.552338563045671638e-01
-2.150464616673108953e-01
-2.222662137972153396e-01
-9.889324590892696332e-01
3.249917289689969735e-01
-5.830494004188107038e-01
5.717228674820959977e-01
6.429853016626543294e-01
4.734962216442311078e-01
-5.560696893644763161e-01
-6.215325623520762122e-02
9.025873510103592512e-01
4.786388521294342446e-01
-2.522141209634540804e-01
9.500213516153133142e-01
-4.096007126208351945e-01
2.213866429538697833e-01
-6.803318813976071411e-01
-7.415000655574357502e-01
4.298411902109660065e-01
6.410810176440477903e-01
1.261703224808052859e-02
7.447337289913367187e-01
-4.085802221291623404e-02
-4.542959119110066002e-01
7.999208836298432601e-01
2.486483665179848312e-01
8.933396268543094543e-01
-3.528509880978880631e-01
9.996971064468349599e-01
8.364516926076577263e-01
-3.245000296048339283e-01
-8.344289902061383657e-01
5.061102849751386579e-01
-9.802071705124626444e-01
2.545186886585353303e-01
8.327993726142024489e-01
-2.520580474153373274e-01
-4.864636989658843724e-01
-4.787923406394831716e-01
-6.406869465916349426e-01
8.394542607033919079e-01
8.852825151435910200e-01
-3.863400772895506652e-01
-1.437528570098489666e-01
8.024965157529939663e-01
2.978079885046729380e-01
-8.164397661127265060e-02
