9.846099609932952301e-01
5.103229209166371128e-01
-6.248571318199704905e-01
1.999220483355101941e-02
3.929348395656848680e-01
7.062893485263788129e-02
1.241525813321142646e-01
-8.014298689732892722e-01
-4.494547472323289217e-01
-8.699048626526106887e-02
-4.226412722168055858e-01
-5.971967974258394207e-01
-9.825815448575769828e-02
-3.799561114432670195e-02
-8.142820788643161389e-01
1.503509719362030594e-01
-6.001500253593261558e-01
4.609247882907392402e-01
-8.411955150188654695e-01
-8.263673041702417343e-01
8.287851119646072462e-02
-6.969371631943279688e-01
7.760701894640549270e-01
1.766327315732572067e-01
-3.149568515818053083e-01
9.035504974614894103e-01
5.976884820802397247e-01
7.385785581556303381e-01
8.634619847676530124e-01
-6.349517448146260179e-01
-9.613012284236646110e-01
-6.182172566139718661e-01
2.886839885323260191e-01
2.401589683393889896e-01
3.903848974806647387e-01
6.392415797844821501e-01
5.874234129058906184e-01
-6.630498908272230985e-01
-2.227169749803836751e-02
-4.977659840448978024e-01
-7.751166560450117871e-01
-1.123303598290759098e-01
-2.324140306011057699e-01
5.204327025934534223e-01
3.356699164419780779e-01
-3.178136884171940402e-01
-9.884340238178346283e-01
7.728381788436762267e-01
-3.461997927739970393e-01
-2.918459034218117143e-01
1.653527353481365481e-02
-3.563836107955791199e-01
-3.079513700550406963e-01
3.082520360362912548e-01
8.905643125094193646e-01
-9.382602726620705713e-01
-9.529775422161128606e-01
1.020880799222940727e-01
-8.142380667195403543e-01
-5.845229285913948747e-01
1.756859462288178353e-01
-8.987021930339895714e-01
-6.148093179432041477e-01
2.470691005086846914e-01
9.382416936234903027e-01
-9.084855693049189718e-01
1.953710149728058454e-01
-3.006011900894991484e-01
-6.173491970258893069e-01
-8.087167663059218192e-01
5.814402981786113145e-01
8.831651255402217515e-02
-4.439825476864971421e-01
-6.351015457168891487e-01
3.697031399637120685e-01
8.613486976134239193e-01
1.915022983207241847e-01
5.044562118434718911e-01
7.027071782290608137e-01
8.501794539837153053e-01
-9.973465859639560893e-01
1.091640738330381666e-01
-5.494082538867863796e-01
6.556664822806606008e-01
4.284578948004145182e-01
1.538073708960041586e-01
-1.096501359893284899e-01
3.234367711385066624e-01
7.409556882114580745e-01
-7.100973156509833295e-01
6.864917049867325094e-01
-9.027205965514764063e-01
1.640945701200067219e-01
-3.720931390446404752e-01
-8.053746786493247711e-01
3.950900233776744042e-01
3.755871835178263840e-01
3.762273299547802541e-01
3.684067458561171016e-01
2.694527462501521420e-01
-8.592436713941546955e-01
-5.225174599366597672e-01
2.176543736372269500e-01
7.008987440171607908e-01
-1.582678902814100841e-01
1.325998215081660714e-01
-5.809134244362166299e-01
5.248247103706802363e-01
4.915639706660639430e-01
-3.172251656412572451e-01
8.634961009421140421e-01
-2.013247018338604200e-02
7.603498106453077110e-01
-2.741916460225146679e-02
6.663712383952808960e-01
6.074152413931301897e-01
-7.717741497145480523e-02
-6.473081018425816957e-01
-5.292924971816319601e-01
-8.487681190607991866e-01
-8.333551051762526640e-01
8.884081829744467917e-01
9.880306194888106575e-01
9.281633990251612065e-01
-2.395184296513548361e-01
-9.825966673288333286e-01
5.086563795188328019e-01
-9.967185700684488836e-01
-2.460989458938436236e-01
-5.304152278697036316e-01
-8.425691586571808500e-01
-5.455532451742743927e-01
-3.835564752302542679e-01
5.996443772229478331e-01
-4.634571864115266671e-02
-7.310099827984335441e-01
-8.987386563764054870e-01
-3.633126066523157949e-01
-4.298634299028454286e-01
7.110075698787068355e-01
-7.609115019798753377e-01
4.659287168173618099e-01
7.204265451274571852e-01
-6.438437312870712859e-01
-5.224047320719569232e-01
4.489898630435242843e-01
3.323336880639724544e-01
-5.391237038704757012e-01
-2.601535525251561509e-01
-5.003944960976749456e-01
4.885771528428888288e-01
-2.191030213542721761e-02
-9.494268651756421207e-02
-3.799687401486813165e-01
3.209029461881363066e-01
-6.117021470719299359e-01
4.950072342245357415e-01
2.834525327162003006e-01
-5.517213228598840669e-01
-7.010954346809101789e-01
8.282953727356967555e-01
-7.935892056944060524e-01
-1.949405711891949444e-02
-7.277005102101612444e-01
3.860877833328772990e-01
-5.370942760597234855e-01
1.342609324132577608e-01
6.356060762127209163e-01
8.701918603840146371e-01
-4.155440540361419188e-01
8.151355933390680431e-01
1.665929264387771003e-01
7.092617439765409593e-01
2.044570002889638527e-01
1.622150651098646090e-01
9.889151880287139207e-01
-8.829316846115329298e-01
-7.890607787812391472e-01
-3.439222880578871600e-01
-3.275027797118963413e-01
6.810342502752433358e-01
3.779046674169135311e-01
-8.498593238605141043e-01
-6.224761885710849985e-01
-5.762252406643757485e-01
-4.037362002602546962e-01
-2.280842658808097667e-01
-1.930673935861437762e-02
6.773785257906608237e-01
2.406778834188552096e-01
6.215728081804372529e-02
-3.364782222707656256e-01
9.514518800916358376e-01
-9.438948108598477216e-01
-6.443427242672175037e-01
8.836130866742974987e-02
1.404491264573994869e-01
1.541005932426962044e-01
4.816671652433135442e-02
2.901865010413056112e-01
-5.813017186613003151e-01
-4.101760731932568849e-01
-1.298381753294324259e-01
-3.322849409188219916e-01
-4.002224048461304751e-01
-8.026739829439988316e-01
-6.020105969717064465e-01
-5.373644950044265123e-02
2.680492374344494166e-01
7.815451503672956601e-01
4.542546003026066703e-01
2.022598776841659785e-01
4.362234188466489471e-01
2.956916538922365056e-01
7.347240022292125250e-01
-8.845791019987858661e-02
-7.016138740657147377e-01
6.545713439975942016e-01
3.533942044746822830e-01
2.382085245561604836e-01
1.893652171637889570e-01
-6.874918007711461332e-01
-1.444530059104940367e-01
7.293441081682632277e-01
7.476754136071348533e-01
-2.619124278333355704e-01
1.152299763137578648e-01
3.619242037658603195e-01
8.537644242093143099e-01
-1.130593134436712610e-01
-9.742635695470343027e-01
5.425409828707310478e-01
5.466223064539665888e-01
1.967999281171439740e-02
-5.922588174991483267e-01
-9.022710572639704996e-01
-9.758920914371593813e-01
-3.178976289745540917e-01
4.033752932859062668e-01
-4.708244099734628652e-01
-4.888761245574473335e-01
-2.035393844143824627e-01
9.768845263010272895e-02
-1.765019880971898658e-01
7.328064786308854384e-01
5.940143268084132622e-01
-8.689211140943846612e-01
7.164474724477711831e-01
-5.137144742747834503e-01
-8.376554267149556310e-01
-7.678005783116703675e-01
9.213792550580128804e-01
5.008143983805166677e-01
6.125556223209238649e-01
3.997401884948823536e-01
4.833447074627028606e-02
6.962776012251403746e-01
7.162604763200741687e-01
5.196175713492905412e-01
-9.173367626964590293e-02
-2.627552654687768108e-01
-9.487008115638668748e-01
-9.047701010829123369e-02
2.240750642262696601e-01
-3.988208529982637529e-01
