-1.279825106688787795e-01
9.447963459054478097e-01
-8.283984496842633494e-01
2.676437227714663081e-01
5.691572374923226096e-01
9.905280060757775118e-01
6.057136646133376434e-01
-4.572684274155824902e-01
1.529219001693016278e-01
-1.497830926605785429e-01
-9.045656254857603606e-01
5.839356159487807396e-02
-8.259137341392697174e-01
7.952325774475486053e-01
-2.647542791612658153e-01
9.679086341192413290e-01
-1.487130720361165004e-01
-8.923462328018378908e-01
-6.347747066343540912e-01
-9.982421801112444371e-01
-2.207407160027543558e-01
4.011692483391651187e-01
-9.771687480539159587e-02
-4.246457700521146794e-01
-7.289778137656695023e-01
-3.119978083541885550e-01
-6.548985336970190030e-01
3.769610836796333242e-01
-3.139600455115627575e-01
-8.374326616932465939e-01
4.306587776471408890e-01
9.133808941256225111e-01
-9.980060905127359216e-01
7.093847061848479463e-02
5.929656227973680860e-01
-8.264618667852261513e-01
-6.058890236541132346e-01
-3.941400875698979345e-01
3.441517640857683080e-01
-1.511579442118162753e-01
4.545662381938353480e-01
4.684972998719199033e-01
-2.910275447081023259e-02
-6.764881527225858893e-01
-4.350054151374038724e-02
-2.022824882722067397e-01
8.976951745685750605e-01
-9.268455903444219324e-01
9.049486844383840545e-01
8.182030157516138047e-01
8.459589408217333961e-01
-3.199608344968738471e-01
-8.000813891614626527e-01
-4.122307564951139813e-01
-6.508325027064874035e-01
-6.892588579304754770e-01
3.043736716416789445e-01
4.891261960669206488e-01
5.671715851788976526e-01
-3.232242755056538019e-01
-7.031486081075639660e-01
-6.692153484696885535e-01
1.770998673335320017e-01
-3.647867745098758441e-01
3.409108171975765433e-01
-7.305453104422430233e-01
-5.315116323008945987e-01
-7.813178498492365787e-01
-6.137825157550933497e-01
-1.762393757336724320e-01
5.491293000426382687e-01
-8.032286856733632519e-01
-3.726044215894210865e-01
-6.296727841679652382e-01
-6.025976534723269662e-01
-2.623439465192853870e-01
-9.376764196559952413e-01
2.585309441784664486e-01
4.417286329258109934e-01
8.440106811095204886e-01
-5.767440026375003637e-01
-8.737898986904026888e-01
-7.161268736779613509e-01
5.534121328977059662e-02
5.080623311226601935e-01
7.973360453947719861e-02
-9.549465443004396814e-01
4.024280307046752547e-01
6.103781789105964251e-01
2.042949651074670303e-01
7.335408617817624766e-01
6.124634914202231606e-01
-6.861066229407697392e-01
-3.118187042245785801e-01
6.736616941207564935e-01
-8.975693540674059001e-01
8.581935790364785266e-01
-9.973337544067666371e-01
-9.144749960811027201e-02
-8.873662256317276231e-01
5.338977877688699802e-01
-2.839345944420208490e-01
-6.190865822028306376e-01
3.677395170700035187e-01
2.161864390020884485e-02
8.647720938482257313e-01
-9.169977070644337314e-01
5.259930495624844937e-01
-4.963997064260488035e-01
-6.232987172424322431e-01
3.006072835779423080e-01
-1.697377015497103514e-02
-1.903580109556384237e-01
7.963418619733486636e-03
2.964238359761086627e-01
-2.851322372473985567e-03
-3.028833087650497635e-01
-6.643131438000606792e-01
-6.250658877755954634e-01
4.856939591331563832e-01
-6.847184534018013746e-01
-9.863010386012796005e-01
5.623035275528951438e-01
-9.483811609074359605e-01
-7.166649348395466301e-01
-4.821838176646542351e-01
-3.122625979713982147e-01
-6.079778715217054597e-01
-2.171184309613216623e-01
9.022051081852455745e-01
-2.485747458017193434e-01
7.621861397780080871e-01
-1.847993439029327334e-01
5.349024934780834961e-01
-3.422123525888181028e-01
5.813740504221633909e-01
7.157477870464390435e-01
1.143683109517168450e-01
4.931968292585706681e-01
-1.847528358116292679e-01
-7.410979634540515448e-03
-7.174954958346277945e-01
7.126366577898708421e-01
-8.482585493745520289e-01
-3.854099488701865361e-01
2.978515497052671712e-01
7.697649995920075039e-01
7.412538702347455377e-01
7.621582492428389255e-01
-8.571479360565725791e-02
-9.472809893675790960e-01
-7.539928422000041763e-01
8.265888153498830437e-01
-4.641511940518052715e-01
2.901847251066558275e-01
3.298621580074823090e-01
-6.917683030616434969e-01
-9.330151546272609231e-01
-6.135606033260718739e-01
-6.099844929548217110e-01
2.352649981775571941e-01
7.952170616085683097e-01
1.036783223687047784e-01
6.673846143043826729e-02
8.347607597460657836e-01
3.141950592196258718e-01
5.222675091950907955e-01
-7.915351775889578612e-02
4.739445483677648951e-01
-7.287607597501144507e-01
3.893593561952775062e-01
-8.122316396392994520e-01
-9.929948449286647438e-01
-5.038037065251987912e-01
-9.816602650372852068e-01
4.705213572886177698e-01
-5.267809971005339431e-01
6.221409922433827067e-01
3.972872341837430099e-01
-3.583153062172734771e-01
3.226199619028586874e-01
8.165279553838971083e-01
-8.556004623725641522e-01
-4.105761949106911946e-01
8.736874811474846236e-01
2.296523951247451123e-01
-7.911856575758327015e-01
6.184228056940705986e-01
3.543874707442156158e-01
-6.313190339553169661e-01
-2.286485477810804579e-01
-7.039199374942934906e-01
-1.311243577901313184e-01
7.547360792912440886e-01
-1.265684778182627479e-01
8.648278570668304077e-01
-2.831561335589647399e-01
7.527752498859827668e-01
-5.909552518185465786e-01
-9.730263207762712696e-01
-3.346490108852586687e-01
2.633311975279646333e-01
1.966632321502812530e-01
7.739842286620435274e-02
3.325030914414079941e-01
9.090252997692711556e-01
-7.272459156293344940e-01
6.869718529382384808e-01
-7.327253365249752903e-03
4.001346668540950446e-02
-6.443995053658893024e-01
-8.768390025341203931e-01
-1.734265485123525075e-01
4.294859368514694076e-01
-9.706554496700470214e-01
3.877550468739370260e-01
2.785237562112976573e-01
1.833210054531391187e-01
2.373270782718832628e-01
9.306039002224302248e-01
-5.329221575219094120e-01
3.776128334635677763e-01
-2.820552537301201923e-01
8.540197604875052750e-01
-7.300313962971960446e-01
4.045792063520621262e-01
8.598559294976202416e-01
-2.394863395284383412e-01
-1.989709044089442713e-01
1.002747720880843296e-01
7.577061178080695125e-01
9.049130953357402696e-01
-4.550127026096371097e-01
6.862567238792516289e-01
5.784342304580805116e-01
-4.692392147941892855e-01
1.526691967839965969e-02
7.859289635085480175e-01
4.419948130218001037e-01
6.056560593256385960e-01
8.361800737158249230e-01
8.555343204880248020e-01
9.625248416951110997e-01
7.103827172038605919e-01
2.983976667312526754e-01
-2.834152447878970360e-01
-9.970122853646246064e-02
9.069926418219482755e-01
3.895808930820567895e-01
1.371997694832964854e-01
-9.586678084422930457e-01
1.928930811079383467e-01
-4.643375779380853885e-01
-9.408172993711252374e-01
2.184893264255296508e-01
-2.389341493193082311e-01
-7.615823804069354885e-01
-9.899618963367995406e-01
-8.666683470314511251e-01
-2.658280503639387504e-01
-6.427422617427769325e-01
-1.436066562949591674e-01
-4.718942313802232391e-02
4.412853412668238384e-02
7.759996297370659324e-01
