-2.015921534563127615e-01
2.141712214994757613e-01
9.677654210056110262e-01
6.684486879393869430e-01
-5.267858479695288754e-01
7.410654253206856446e-01
5.628010481289995592e-01
-9.278197072841856130e-01
-3.343849307119617364e-02
1.465319033100345170e-01
7.950947854056309438e-01
8.975533453456696620e-03
-9.175332186156541781e-01
4.773912107611639755e-01
9.451784178980204842e-01
-4.305317706150035839e-01
9.615553225346151756e-02
-3.774641084983920702e-01
9.434578711041456955e-01
2.864519530811562298e-01
-9.059052952370620915e-01
-9.591809379723776896e-01
-5.031935427611722300e-01
-3.640504020914550054e-01
2.628218785181952732e-01
4.599721847861770740e-01
8.214324454663559649e-01
-6.473228796492813686e-02
-6.350108838758616869e-02
-4.783103478184165258e-01
8.280298899617084540e-01
6.024676815745899638e-02
9.364489978147914062e-01
2.961005382461812108e-01
8.209910928118977491e-01
-7.805700132845339034e-02
-2.950862204361257568e-01
-9.132815967362697407e-01
6.594210115555392271e-01
-1.934277501635013330e-01
-7.819455263308512372e-01
-4.224481527160615091e-01
-2.462100082665790168e-01
4.197469648575979928e-01
6.169275673018257411e-01
1.911989944241201389e-01
-4.871878186040308201e-01
-4.979907357545809710e-01
-8.237473392765211067e-01
-6.239647252104654207e-01
9.822262632024092444e-01
-8.223912307841794167e-01
7.837056421334962497e-01
-2.690986150676515365e-01
1.964642737175850140e-01
-7.489780157097569724e-01
-2.283194271376252082e-01
-2.553618878986365637e-01
7.534284436996043777e-01
-8.866864709944293210e-01
3.503947058449043972e-01
5.190448629348241028e-01
-3.906408797213549722e-01
5.388693757161169273e-01
7.182180856062034824e-01
8.260098405376608000e-01
1.260647088120274706e-01
-5.233425799133994971e-03
8.969206310211541577e-01
-8.108183468957210760e-01
1.580837727034927198e-01
1.761925912441175690e-02
8.557369607600135986e-01
-3.170152356142819094e-02
-1.180551806668841408e-01
-7.162250035842807616e-01
-1.107464971861222836e-01
5.513301469243805375e-01
4.497035253092569462e-01
-9.791976282808654286e-01
2.570324907013721294e-01
3.027877212668190765e-01
-6.292206526416102008e-01
-7.585012320436759214e-01
1.934284330344191449e-01
-2.041296329361419470e-01
-3.952145055562439335e-01
-9.861040115454939858e-01
-2.896388611167346472e-01
-4.616584611783653980e-01
5.306489094444029053e-01
-8.662659001914934098e-01
7.254419605169120100e-01
-5.835024331938214459e-01
-4.122057262684453161e-01
-6.160581473846988843e-01
-3.261543696367517065e-01
-3.994916952560394474e-01
1.637850141244983071e-01
9.371324467973691785e-01
-2.309742110362256184e-01
-2.319509950046361180e-01
3.805932501615301167e-01
5.517922549082894257e-01
3.295685949701374629e-01
-2.964910283167472294e-01
-4.823641972802881206e-01
9.563447740019146437e-01
-4.584665738337021512e-01
-4.388092857419398918e-01
7.856431418897642516e-01
9.790419288703071654e-01
2.324018000180190224e-01
7.765445557262529164e-02
9.262269674771803629e-01
-3.435486487101540032e-01
-2.746590753220570225e-01
-3.457181172858980744e-04
-6.233286541903213518e-01
-5.910543305857103302e-01
4.485039542159137138e-01
6.763639304012136755e-02
-4.411185998262465713e-01
9.619984305853253037e-01
4.546695554571582587e-01
6.106260568988528536e-01
-4.435363670292165050e-01
5.211247260099816092e-01
-6.350139070138263175e-01
-5.136410747830681967e-01
2.777478693044761471e-01
8.442842058733392996e-01
-1.312272917105694603e-01
3.877189089849912840e-01
-1.436367891928416185e-01
9.572683268929269573e-01
3.485152188227687020e-01
-7.126941323235778114e-01
-8.863587972683253380e-01
-6.913980950212468279e-01
5.746382497052482385e-02
-1.879037875547355796e-01
3.516976432580198875e-02
4.160081681302814083e-01
-4.637113701607584737e-01
6.179905325819290418e-02
4.209764868567227314e-01
2.129770920568934134e-01
-9.216449908303894212e-01
2.358305084777145844e-02
9.950566200995210053e-01
-9.725193554922888506e-01
-5.598840344964775007e-01
5.900116468874272435e-01
6.811516447818812825e-01
-3.964600791562080673e-01
-2.710125072497822085e-01
-5.815747532862600711e-01
1.445634737920318269e-01
-4.755388227029768711e-01
-2.463444568730954742e-02
-3.595206781506210536e-01
-9.219046670288362222e-01
-8.681972892045421997e-01
8.224959829520381849e-01
9.200521290968242116e-01
-9.829496942455580033e-01
-2.058355736180521589e-01
6.511325026551739725e-01
-2.905334610768099957e-01
5.774229948218994046e-01
-7.275362816446062642e-01
-3.625573173625353807e-01
-1.065956214364645049e-01
-7.120302384840340171e-01
-5.877536853570974884e-02
-8.564429449764330293e-01
-1.980084268472865894e-01
-4.363161515583133809e-01
-4.822395913930366262e-02
-6.085345018490344593e-01
7.148612503139433194e-01
9.971635348916274566e-01
-1.210362690998989521e-02
-5.988452571132378832e-01
-2.827631882803978147e-01
6.993318492917071083e-01
-3.626313046960918385e-01
-8.516142029511197808e-01
1.689415413503336794e-02
-1.746824896134862026e-01
7.075727191568821350e-01
-2.909835942978067358e-01
6.146830475113569392e-01
8.731517667865547061e-01
4.607723709576467819e-01
7.065015375942442777e-01
7.271931784884895222e-01
3.549377467075043313e-02
7.584390363859860873e-01
8.082586460181613308e-01
-5.703869932051137681e-01
-9.474706028890058640e-01
-6.072625931564192836e-01
8.115835648608682451e-01
-5.837518384925743931e-02
7.329985955516318263e-01
1.455316203283318899e-02
6.429928127030319907e-01
3.428843462527955133e-01
-7.555619282286663019e-01
-2.865612419594616433e-01
-2.499125769935330865e-01
-9.584682464625695619e-01
-3.558346991771348389e-01
-4.851030406882936852e-01
4.485457355441688776e-01
9.939049977550644677e-01
4.988911845180077353e-01
-7.054580383810507005e-01
-7.910493763387891342e-01
3.850071667834915612e-01
-7.658447865962756396e-01
7.348454590905049155e-01
6.796169805092409089e-01
-7.697742209411335690e-01
-9.405206659910547717e-01
-4.036690227001309417e-01
-2.088657217179610281e-01
-3.044507564863527804e-01
-2.421242352027641598e-01
6.291736213802003874e-01
-2.561053254894010145e-01
5.452216506271683194e-01
-1.456847647064039020e-01
-6.563112697710455912e-01
-3.799754139611264403e-01
-3.858091208369840430e-02
6.688145244354397612e-01
7.942302342295621820e-01
2.863984363108640352e-03
3.374573492933952146e-01
5.548259282321399422e-01
8.964487263296949671e-01
9.051757182338886487e-01
-2.433618357728157822e-01
-9.939031466172936202e-01
8.574202507022823383e-01
-6.313780251125653553e-01
-4.860055426617464480e-01
9.738268333116573139e-01
-3.090912330882211734e-03
6.088188447313647167e-01
-1.766557399231893921e-01
3.034235640832707581e-01
2.551409692820549857e-02
2.177356117629196675e-01
-1.847244098370155463e-01
1.450203328488857135e-01
-5.515561675256204222e-01
5.316627880457700517e-01
-7.478227613715935362e-01
1.458894502557175343e-01
-5.363482240843087112e-02
-6.921726092562658916e-01
