9.700228471347889236e-01
-5.927857510010907660e-01
-7.666003221301809223e-01
-8.775847107572456451e-01
4.882653570907113938e-02
8.426435103746583444e-01
4.679289915811166711e-01
4.653837612801785539e-01
-7.468182032675405591e-01
-7.228436110673353010e-01
-6.910533187293148583e-01
6.295712492079923450e-01
4.572199019476141935e-01
8.958446313152108598e-01
2.373603916538404857e-01
4.065498614197564642e-01
-7.423879033361586721e-01
-5.835561160848143913e-01
-4.033954221754050273e-01
6.569252977480715128e-01
-6.272552395108854650e-01
-7.734886075492510837e-01
4.463213862542825261e-02
-4.048366056738563756e-01
6.916008523536876229e-01
6.042447726075688141e-01
6.631151008104794187e-01
-1.881535894738624037e-01
4.677108834841208207e-01
7.401082555923346185e-01
-9.356657973242632487e-01
-8.877884758961067657e-01
-8.236651571162056928e-01
-9.607439538911457522e-01
4.319821417369189565e-01
3.790992705444582445e-01
-6.965807990274419659e-02
7.052997266441178859e-01
-9.625453472415894662e-01
8.525976563188986113e-02
-5.005758213961735148e-01
-9.882873785547940937e-01
-8.887949789957978464e-01
-4.290737214402622346e-01
-8.951577477205623357e-01
5.598689040402209383e-01
9.268672235460146958e-01
-9.501376898827191830e-01
-5.386693259075725493e-01
-8.246555261524166625e-01
-9.289197935861641664e-01
-5.941204339498178388e-01
3.797941314758108700e-01
2.485518997503850525e-01
5.441814195825904754e-01
3.638467339665993894e-01
-2.766085822969033270e-01
7.915867655503165956e-01
-3.730214439317647290e-02
-7.588729925984738500e-02
4.915966978418340183e-01
2.553759022557591241e-01
-9.081137869260107465e-01
-5.441094213939219326e-01
-7.369071793732382414e-01
-9.740453183614787847e-01
-2.205945902272632431e-01
-9.401530997047857774e-01
7.954877255138517178e-01
3.962550976129206592e-01
-4.010231508772055253e-01
3.336310419938548488e-01
4.706954127796849630e-01
-9.677653751137937910e-02
6.715176373731812642e-01
-6.527610361201561240e-01
-8.497949221541856168e-01
9.019872800456483208e-01
-6.259956278971441357e-01
-4.485162278154990467e-01
2.561384604098826401e-02
2.957514022932401510e-01
-4.226142019070295852e-01
-9.638116864031007758e-01
3.102901770464665532e-01
-3.793669025334109879e-01
5.150575287303782446e-01
5.299424847632665525e-01
-1.563238730673628396e-01
-7.800914611310263425e-01
3.865645803565649352e-01
8.742689139598323056e-01
-6.091709810518961543e-01
-5.938091032000367697e-01
6.966405195933140782e-01
-6.754107831350613100e-01
-5.721769231541797840e-01
4.333152912463644757e-01
-9.468596441341825543e-01
-6.404010199778107371e-01
-4.162432075281912169e-01
-3.984459346642086341e-01
-7.449649398654833998e-01
9.364274476351757137e-01
2.288248279450593170e-01
7.618119917087355919e-01
-2.954854644200874958e-01
-3.440304466212285028e-02
8.947014433658990740e-01
4.567854914639486452e-01
-4.343020301797508864e-01
-3.923637039400402760e-01
-1.312844508689425815e-01
-9.410444987067911882e-02
-5.666626539241066407e-01
-2.685510329399178886e-01
-5.647531949506598981e-01
4.958990296465590752e-01
6.279327245182861894e-01
6.965331598490394072e-01
3.620377487690595864e-01
-5.256836519476597580e-01
3.840494352495733565e-01
-1.492767550537319465e-01
6.097105202894317344e-01
-1.144664473611343158e-01
-6.246340822836948803e-02
-3.953517425908594785e-01
-8.744997891991705963e-01
3.798765898788194484e-01
-3.174164761912896537e-01
7.721586279738934522e-01
6.055878943966863659e-02
-8.120012533710545544e-01
-6.221502025558860449e-01
7.901627348940687412e-01
9.632206819730912972e-01
3.512095058105102474e-01
-9.661333705072954192e-01
-6.522083697098679522e-02
-9.843118948355276121e-01
-2.274086867153135572e-02
-6.990843089098850438e-01
8.716159176215996229e-01
-7.103484977715861515e-01
-3.625347152008286944e-01
-1.897453604268823923e-01
-8.411967175558068277e-01
-1.621728784907163767e-01
6.981555503408689578e-01
6.176748494948085533e-01
-9.816469658006070631e-01
-1.143983045696053136e-01
1.725814820681441653e-01
2.026743975866951430e-02
-1.204707460405016750e-01
-4.557505605161240592e-01
3.868122470326325057e-01
-5.862131087379340855e-02
-6.585890128603930638e-01
3.462894132054492591e-01
5.980155131077311559e-01
4.326824567524476528e-01
5.366265879919882575e-01
9.601230688865689533e-01
7.240086754873744646e-01
7.740285025876236791e-01
-4.212660626714508361e-01
5.963499917123269434e-01
-4.825130628379765696e-01
9.697479378360560620e-01
-8.134309618569055544e-01
3.207697158635491874e-01
-2.579165626042594361e-01
-2.554291671231334604e-01
-7.310859774806894862e-01
-8.944938031716818116e-01
4.501079635239562116e-01
-9.708496428401689471e-01
3.552663630963537322e-02
7.658917611200699582e-02
2.137612800609605124e-01
-5.745027872733843299e-01
-1.533191357417131861e-01
-4.775904047110546280e-01
-1.523261021217308109e-01
-4.993504003712323502e-02
-3.472519217702636496e-01
-3.566688207826207435e-01
-4.050723232673338892e-01
-2.939520844824565771e-01
8.468757095880612429e-01
-7.402422415400373712e-01
5.581300732273992704e-01
7.561159253413871628e-01
-2.402177776853036129e-01
1.761167046512372991e-01
-2.300926212526466230e-01
4.601443968840934762e-01
7.785096296829832063e-01
-3.306119389691899446e-01
-2.266782658129919970e-01
-4.581100874846799620e-02
1.954274086729090865e-01
3.761212962530440240e-01
1.224522982328055676e-01
-6.964234296515430245e-01
9.908679168143090799e-01
9.498075221594319828e-01
4.528439849742493806e-03
-3.899601650155637422e-01
-3.711080750170052678e-01
3.179700556054587679e-02
-9.553420322031946910e-02
5.862753532337370288e-01
3.101295820332115039e-01
-9.410393662621812094e-01
-6.091200528190505725e-01
2.979957458754927124e-01
6.418490735785318257e-01
-6.481189686735253641e-01
1.733963749835039092e-01
7.678791188795508482e-02
-8.306449342595563223e-01
8.281797295018287208e-01
2.213544578700141763e-01
7.795985753425704878e-02
3.379218377695778486e-01
-1.660748582867572765e-01
1.479959415244016530e-01
-8.289095207986287850e-01
8.235381744865601927e-01
2.551711896442028227e-01
-5.189832347493090747e-01
1.962811615444324254e-01
-8.700482954700041738e-01
-6.874564676615781966e-01
4.922392532399078036e-02
1.114216748870402451e-01
-8.710745732278408759e-01
-4.635215803579337823e-01
7.267876223849536466e-01
5.213025126195247605e-01
-4.171233587475333682e-01
3.239133069076765015e-01
-7.981551241828295229e-01
-6.018788511478747605e-01
-1.156763038028223445e-01
5.108537258300234196e-01
-3.482476832483167861e-01
7.775813397812565420e-01
6.698300798587333293e-01
-5.637206953269362497e-01
8.886720131251637511e-01
-3.933449898983183424e-01
7.720368715496106482e-02
-7.153779271505857906e-01
8.599468870228672568e-01
4.385588824452866241e-01
3.277771090365086959e-01
-8.751392275960667710e-01
-6.939672595368810981e-01
1.848026091981818109e-01
-8.783748048217989712e-01
2.095308673204450134e-01
