-3.697627763760671371e-01
4.854034268654467965e-01
7.402057444257956753e-01
-9.796164568847611775e-01
-8.557892782292906286e-01
-6.764936531800127550e-01
3.859292305186523553e-01
-5.127742222841453756e-01
-7.893284548151884294e-01
2.916885136795219768e-01
9.603336448327164376e-01
-8.230148047391052657e-01
9.383641323190246020e-01
1.337435919080007807e-01
2.674592779838793621e-01
3.782087735931192185e-01
1.021146026687933528e-01
6.174786294976615242e-01
-7.487105524832362580e-01
-8.546187343202173992e-01
9.622657689621805233e-01
8.244087531192432206e-01
9.980391051302794914e-02
1.139371522974734763e-01
-3.446864058491672100e-01
6.624862265060167399e-01
3.653893712031233143e-01
2.191939772686926080e-01
-9.760572415082977571e-01
-9.173046717112800508e-01
5.365198356321150275e-01
6.319534239707311762e-01
5.841341385972282918e-01
3.949813088265625716e-01
7.087408059239890257e-01
-3.299182359482339955e-01
-4.579832019823086853e-01
-4.636902259319104491e-01
5.368483370619390183e-01
-5.721196239101955516e-01
7.222363455213096639e-01
-2.874349967019345087e-01
-4.519318737208943837e-01
-2.109955639369134328e-01
-4.335461462506939867e-01
1.852885094389802312e-01
5.477186023483671118e-01
-3.760537735818716421e-01
-4.457995733161870255e-01
4.470100092051243479e-01
1.592711901238641481e-02
-9.855197496314553884e-01
5.096615132440815987e-01
-5.270222827693848977e-01
5.656480460900339402e-01
2.279773855402154048e-01
4.023658154009663868e-01
2.919384987750821558e-01
1.709234518967008842e-01
-9.065822357002963905e-01
-3.749696541500171509e-01
-9.385838235882784097e-01
-8.854443415467179168e-01
8.069617819083241272e-01
4.765963045842147583e-01
-3.606897825291617288e-01
5.880020902343077172e-01
7.547346417575742095e-01
-6.472444935192971371e-01
7.229623952094903494e-01
7.641266908400698998e-01
5.474309496222018456e-01
8.134020005501279016e-01
2.894914196403524098e-01
-5.228659330673472994e-01
4.704296624887074341e-01
-1.734638095309497530e-01
9.922393432000784497e-01
3.436518856717802883e-01
8.322129992875733073e-01
6.936910317431577155e-02
-3.623477468867022377e-01
-5.804989101884572289e-01
-3.538585488359153874e-01
-2.558398972363442603e-01
6.625161322186496893e-01
8.847377791857977680e-01
-3.313738584920113972e-01
6.780731420415644362e-01
-8.737564995908906340e-01
-9.354508788567819089e-01
-8.944811458985411079e-01
3.767741892896665501e-01
2.160117230884530670e-01
-5.477429961138202685e-02
-2.871611927310424583e-01
-7.576454193512074387e-01
-9.009480365335695851e-01
8.609780181069126570e-02
1.924227836010059534e-01
-9.938436976516902277e-01
-4.660292408791961716e-01
8.539889874122839064e-01
7.543389240374842597e-01
-8.336701230219218939e-01
-6.635608723465356018e-01
-5.751161017975512380e-01
-7.341393765976058639e-01
-5.775870760976953289e-01
6.644855085487750834e-01
7.047788225488531566e-01
8.181588543831921356e-01
2.520336307479058569e-01
-7.452501105904463241e-01
-8.705890696032203557e-02
-3.464263822233453194e-01
-5.462499037645986988e-01
-9.043125936131632958e-01
-5.727855672110795382e-01
-5.198438112033429981e-01
-9.139375832153522339e-01
5.727563743181327549e-01
6.804136765307533530e-02
2.794833914647987250e-01
-8.220030971944329856e-01
7.399826033318155361e-01
4.074760628781812777e-01
7.432600606065891125e-01
2.446886026046410922e-01
-5.694693652450399934e-01
-9.691527862806623705e-01
2.283957905937596955e-01
5.859112129097885369e-01
5.739336448020380121e-01
-1.075914164538709361e-01
9.728553326329283379e-01
5.253332310029066310e-01
1.457279165283857925e-01
8.240867462009366928e-01
3.281889645708746528e-02
-3.472388426023453878e-01
3.315161066784104715e-01
-3.625787150231774003e-01
-3.527250962264831813e-01
-8.537551054998273603e-01
-3.377889419380797342e-01
-6.219448103748104195e-02
5.010831436655613924e-01
-7.617819062957442711e-01
9.389433634449950716e-02
6.629118323911882271e-01
3.926976390547969320e-01
-4.386401929133303401e-01
6.481501831960461146e-01
-2.968290604911916208e-01
-4.191218242132177529e-02
-7.194866502854466717e-01
-6.825175483021972411e-03
8.050220320591983114e-01
-5.043097115654908702e-01
-4.378202770686066003e-01
-1.980602418851551416e-01
4.434382710311082221e-01
2.337684826672796756e-01
-7.948721847596829093e-02
-4.723696745576431155e-01
1.291254997484592160e-02
9.370622715183047902e-01
3.689716737985171413e-02
-4.213084600754275488e-01
-8.876376868323314628e-01
-7.644443083031327024e-01
6.474432959529319298e-02
-8.571227576578233087e-01
-8.836673630464333407e-01
7.570545963285684188e-01
-3.849910814405181902e-01
7.284388389110616480e-01
9.071734634906807315e-01
1.309330124514278548e-01
8.816545637800385915e-01
-3.866602304224084907e-01
4.886324358846723115e-01
-9.828058851757548453e-01
4.621436743120264090e-01
-6.220937581489733859e-01
7.035416920996804269e-01
1.333957622025103706e-01
-4.546153469736360364e-01
-7.234221234373712228e-01
5.088395488577761583e-01
-9.871376361857013837e-01
-3.083494233203800672e-01
7.582207756299832457e-01
3.254794139036814027e-01
-2.471028462199360565e-01
3.714545759193068619e-01
8.967841760483463709e-02
-2.369656705678544473e-01
-4.361044826754107984e-01
7.092889724031206100e-01
4.865299820881010540e-01
-8.720502127228080269e-02
-5.276976204235641621e-01
3.493046354211322146e-01
-7.977642024001119214e-01
3.032074868443157545e-01
8.473137445627163533e-01
5.332604855264482246e-01
2.193137782856884321e-01
-6.461979613196267014e-01
7.666089392919905876e-02
-4.032944896444385918e-01
-5.850491072557972849e-02
8.664710386447112000e-01
-4.657942419464344841e-01
5.262469563473362033e-01
5.464626823582130477e-01
-5.186279522221459715e-01
9.434499070133843812e-01
5.445406153284346740e-01
-5.924824443238387861e-01
-3.796125661678826368e-01
1.372151157200502958e-01
-7.296889101375783060e-01
-7.458569299134003572e-01
2.914488657388998316e-01
5.170114224384121382e-01
1.290578400760689082e-01
1.416820827088158818e-01
8.917745456925076919e-01
4.960486717036820536e-01
2.986418090186218066e-01
1.834751391835987011e-01
6.058798880518705410e-01
1.721865989010806786e-02
-1.528049577796330993e-02
-8.198036910883899075e-02
9.420903193179812618e-01
9.699497782581916194e-01
7.412381626642925436e-01
-3.889534726676777687e-01
-1.562969554845756726e-01
-3.839048932294617522e-01
-6.350749078412576409e-01
-3.321078013606646451e-01
-3.654025493132262437e-01
3.884732070779448598e-01
-2.295484651030288425e-01
-9.653556353942582824e-01
-1.485604403456914913e-01
3.568576781112104968e-01
6.349427446892994542e-01
8.196972676381271139e-01
9.422914057592923776e-01
-9.288892641722554799e-01
-9.926347155497461383e-01
-8.921637364439771734e-01
5.884887839863917058e-02
6.032873244229577381e-01
-6.627006046993193511e-01
-9.864263406125839406e-01
-9.720419842329959259e-01
9.262521355342165919e-01
-3.915854496930513129e-01
