-4.050018879582655273e-01
2.161543370698171262e-01
5.175389728331099004e-01
6.864099755423256344e-01
6.943150263555180057e-01
-3.980158548022587617e-01
-8.655302742611259426e-01
-6.346938793359739872e-01
-8.060976723976556180e-01
6.266271776640115476e-01
8.891236659337435899e-01
1.323281150389115091e-01
-2.056056833605652834e-01
-2.916425862598692742e-01
-7.197677713753636297e-01
6.750708638305447096e-02
-7.064997966955550712e-01
-3.787118543253065184e-01
8.469399624438875840e-01
1.195028270390934289e-01
7.355401848272793419e-01
2.981482428515838112e-01
-6.915062208154791890e-01
4.863878790058142609e-01
7.826019611115175856e-02
9.204394452658630765e-01
7.208533874009985798e-01
-6.106498457073721298e-01
-1.401235119787942462e-01
6.669030789763281675e-01
8.133409372791031711e-01
5.820033596696083666e-01
-5.994291304252936659e-01
-3.474470031077148136e-03
4.523601776212156089e-01
6.119714593627141319e-01
3.256601805837464614e-01
5.572175175177167539e-01
9.288393731489306138e-01
-4.234001866089400767e-01
7.642684996186210888e-02
7.563707905903567230e-01
3.666026162884685746e-01
8.717674829272001880e-01
5.418083784948590775e-01
-7.007958253632389223e-01
1.230957126907301635e-01
3.913113241566867906e-01
6.017688238050920013e-01
-9.758300481281758643e-01
-6.511098817672837935e-01
8.608053605016248166e-01
9.989602320732384744e-01
5.851567113936348985e-01
5.711712507649635562e-02
6.634274615613389159e-04
-7.150465932826950421e-01
1.459214789424319036e-01
6.545560073728988737e-01
4.622426780253989786e-01
5.936330923181072361e-01
-4.203895223612517107e-01
8.647007989551820373e-01
2.725371387436323900e-01
9.866266890108408294e-01
-2.750742096962566219e-01
-8.697994046941026625e-01
-7.471026263236171250e-01
2.587562261733986624e-01
3.754572478487825382e-01
-4.668241694527470731e-01
8.390179883238080283e-01
1.142020675175789979e-01
3.717096002017292733e-01
5.060435380307060083e-01
3.431937866143148774e-01
7.036665031990123609e-01
7.195681210183124676e-01
-3.061295825869516651e-01
2.150031081240033615e-02
6.455987848621829173e-01
-5.222223590328387566e-01
-6.507978405294645441e-01
4.236992392588656564e-02
8.061772978835270997e-01
2.935377921319335393e-01
-1.499481937944349141e-01
-1.195382174153900579e-01
5.298416115701465312e-01
2.308205579754623038e-01
6.619067446433428703e-01
6.150998889849810247e-01
1.615849422727002604e-01
-2.030354686974258360e-01
7.051657708049252626e-02
-4.433195335454385155e-01
9.017190735600899565e-02
-5.813763703406762406e-01
8.670333616368606222e-01
-3.864792202664919518e-01
4.176640642446083351e-01
-5.628703009945275060e-01
4.874378603476949845e-01
1.424892694327555276e-01
-7.678448587807307213e-01
7.110656434956266203e-01
1.816075624106971986e-02
-5.976425025089453502e-01
-6.903981150551210533e-01
1.271845510990505801e-01
5.131317139820126272e-01
-5.623749075663255770e-01
6.387672596522888657e-01
9.673743824711176220e-01
-6.879032888303227011e-01
-3.313315923337174507e-01
-9.562474745682718602e-01
5.941919680206142473e-01
3.520088134902363830e-01
-8.713642541854293988e-02
-4.414693659209489862e-01
5.366467639549388213e-01
7.888835642051261754e-01
-7.052639243562079940e-01
9.164644293466417402e-01
-8.638608472755147094e-01
-6.842382071464374604e-01
-9.297807617548041748e-01
-3.887657798311583424e-01
4.102127712801211246e-01
3.424137056933691525e-01
-2.513317636460064008e-01
1.709309272816699199e-01
8.335331375863883618e-01
-9.679567907902886237e-01
6.430027438778538329e-01
-5.252869103183701593e-01
6.585986086795159178e-01
5.894131802782709428e-02
7.035851845270935101e-02
9.310153338614186591e-01
-7.470048748788600257e-01
2.900251435599150440e-01
-6.117612632644571224e-01
8.722535424034358886e-01
1.258431486862334747e-01
-2.107031720719523271e-01
4.266722563599585349e-01
6.131193115719582032e-01
-9.761166015920519357e-01
3.386639609815782492e-01
1.136792426014718860e-01
1.430204245845183575e-01
1.112198048167600817e-02
-4.868731132530168537e-03
8.693932664384025344e-01
1.124856967784086947e-01
9.857153653676107297e-01
-3.967832374375239723e-01
-3.313032801391453397e-01
-7.779623065125405024e-01
1.358326944770902323e-01
-5.221775304157105779e-01
-7.653522416757967406e-01
7.789900646620824265e-01
-3.537253342400190625e-01
-6.258574169244117691e-01
9.444563072325622421e-01
-7.891581232693767323e-01
7.945732676270449435e-01
7.504603821617144011e-01
5.506476837565643656e-01
-8.115420456383006798e-01
4.055739497004697824e-01
-7.158294416234500801e-01
1.048964903099731671e-01
-9.683020534962776260e-01
-1.923977637069107516e-01
-4.599315618476094158e-01
-7.331357140819481089e-01
-7.793364231511268336e-01
-7.705890044620877788e-02
-8.376662140136459378e-02
-9.617491364993189240e-01
-6.858453005673854630e-01
3.521171288698150548e-01
4.462294727340290201e-01
-5.534602165448083699e-01
1.548160091690014006e-01
3.182612406559459650e-02
6.640251327455963803e-01
5.246783188648538321e-01
-6.227980181951573435e-01
7.260816527302984547e-01
-9.315534442728383713e-01
5.183387080758441456e-01
-2.162156475206731265e-01
-2.867466255927222374e-01
4.214608536928201588e-01
1.452410623170186099e-02
-9.473087549579342070e-01
-7.642660242018461947e-01
5.614739213460502310e-01
-5.003264327462981775e-01
3.294358370436312189e-01
9.867405210155042461e-01
-7.989664400016558421e-01
-3.493094623295831536e-01
3.272273895299633306e-01
-2.945857793551294179e-01
2.289615309969645907e-01
1.479505824009366144e-01
3.073656346773629977e-01
-4.215820946229702493e-01
-6.116339761573243994e-01
-2.125839452854558775e-01
-4.978462653323942888e-01
-1.291261726839243451e-02
7.359087240559849530e-01
-3.482002660656979831e-01
3.418050043927589599e-03
6.034910381659508438e-01
-4.426631436611103698e-01
-5.537500968564788018e-01
-9.283371406612326293e-01
2.573770828959331958e-02
-9.056562388567275246e-01
-9.847460169179438338e-01
8.800087433003846993e-01
3.766476221798649160e-01
-2.337641024684347091e-01
5.020453243674416477e-02
6.541783624387886853e-01
-6.837248891051541655e-01
9.884483728004052061e-01
1.783864083047916882e-01
3.640376861983385393e-01
6.330728854674125827e-01
3.577714082010654550e-01
1.184038842628987176e-02
2.697222709382907091e-02
-1.031239480699905897e-01
2.280283319522959928e-01
-1.601493978003669660e-01
3.422457221195049915e-01
-3.329788050194901761e-01
1.260659408722228925e-01
-9.780261066114599444e-01
1.553857590983100945e-01
-9.435446210286579927e-02
-2.116163076159138789e-01
1.299266683638866660e-01
-5.699499153089537806e-01
-6.207503164850147748e-02
-3.332900357087065224e-01
-6.239072993444563231e-01
3.686358511305660723e-01
5.683517161701769904e-01
6.789464379171938901e-03
7.040487562147672573e-01
-9.996019078545859138e-02
-4.020482830350771142e-01
2.881557898521935890e-01
1.187888905850900123e-01
-6.476688896962616848e-01
