4.606918544530480553e-01
6.657838195179066609e-02
5.317707130468289911e-01
-9.478937998617411598e-01
9.411259000845555445e-01
7.753148324798173618e-01
-2.544852919176328054e-01
-7.357243796780366107e-01
4.848531158607483071e-01
-5.848839777929184525e-01
-2.067869294751252252e-01
-2.360976150834286358e-01
-3.740256588986834441e-01
-7.423831964946059347e-01
-7.833514887751413802e-01
-5.318251332784773577e-01
-8.366031791665802242e-01
-4.578030766487743985e-01
-1.094554575761543802e-01
-1.517150786039269672e-01
-9.348989094480348871e-01
-5.059308972156073558e-01
4.286271401012102800e-01
3.045330926084812706e-01
4.398642678906110604e-01
9.705103362348179719e-01
-4.375550402016712415e-01
7.070007680905996406e-01
-3.132967824025008063e-01
-9.706000857422829586e-01
-2.300178665388405985e-01
9.771970907156086739e-01
9.223657034715138092e-01
-2.833269635373869555e-01
-5.677879399059717613e-01
-2.055073442938131212e-01
-2.421656027714780279e-01
-5.642630891602833376e-01
2.922825346397524005e-01
1.570951247677467855e-01
5.600528712470778103e-01
-7.278719019548964830e-01
2.370876271590531825e-01
1.685818628232116367e-01
-7.930205070849396520e-01
-6.748296852477102536e-01
6.319396802443870698e-01
-7.130182713805288675e-01
-2.319784623330591877e-01
-5.453281902482955967e-01
-4.521601327266233650e-01
4.284091659337809777e-01
-6.691932506289859361e-01
-7.227643087353405882e-01
3.134308013263586989e-01
7.256985680095999758e-01
6.192728340532305253e-01
-6.529399267457798306e-01
-4.481395573140043442e-01
-5.358301945355705698e-01
6.025447631441758212e-01
-6.038759047805482005e-01
1.364642080993874185e-01
3.373002977113990219e-01
8.145118113328164711e-01
5.337756558929673822e-02
4.819598614747593324e-01
-5.703669679814753479e-01
-5.839974205596207835e-01
-4.891007793562771599e-01
-6.026022071942274128e-01
-1.245103893104999582e-01
-7.953832523498525209e-01
-8.550025694084837369e-01
6.327721226012570366e-01
-2.358403421392731847e-01
-2.459137075976414177e-01
-2.099491895293090771e-01
7.289121904381197226e-01
-2.826210626575169638e-01
-9.641221229740393195e-01
-3.103241259320665968e-02
-6.274475686500582405e-01
5.773358857659671717e-01
-8.116903334560179317e-01
3.130819634225632253e-01
-1.182690578994274322e-01
9.316178878245557904e-01
6.709865132705696844e-01
3.000130770997126994e-01
9.781920362496083765e-01
-5.208433414686637342e-01
7.146112117196816715e-01
-5.563639046281552147e-01
-1.257974666514851680e-01
-3.063606326825643045e-01
-7.065527808898819373e-02
8.673485492821282339e-01
2.486109006424999102e-01
-6.138483400105301246e-01
-9.062588338982411340e-01
-7.429759108672080448e-01
-3.160933934380596444e-01
2.745381312841728150e-01
-8.828330392605099330e-01
2.330885354409617527e-02
-9.372737954461893839e-01
3.126759285705393854e-01
-5.590444432604917413e-01
4.511430901277093675e-01
2.912208524758950201e-01
-6.728587788444955198e-01
5.031136373896298863e-01
8.735448641140444170e-01
8.839660359524668110e-01
-1.858997107521591641e-01
7.719280878482470687e-01
5.783926352221537837e-01
3.626079402798672024e-01
9.050518687781812233e-01
5.876250196860319797e-01
6.639697213705921808e-01
-7.451102309649075828e-01
4.218688019642582443e-01
3.087746751202025131e-01
-2.441434406750115915e-01
3.869495992163241027e-01
7.073498562166253834e-01
-1.353711306309501872e-02
7.269192032947475735e-01
6.567818999223187237e-01
6.467199711876687740e-01
-5.586914266124021200e-01
-9.849248499501972454e-01
-8.632140306406390629e-01
3.082115727776724157e-01
-9.777006036524560351e-01
8.806770667020584753e-01
2.477039372890417201e-01
3.354258175091648919e-01
-8.808144330900831154e-01
-6.924909865924542274e-01
4.764645488523822081e-02
4.112746110476577233e-01
-2.660735036812214016e-01
3.849476813706422806e-01
-9.412840117719041277e-01
-4.910737252292518562e-02
-9.743960095286505751e-01
-9.197075744290237331e-01
-7.212186335641102009e-01
-2.369709009592297910e-01
-5.920978729153107967e-01
9.391708657795505566e-01
-6.329871241603184373e-01
7.543939582864365168e-01
-8.170700607095877643e-01
-4.517696460619569088e-01
-5.257510286915012543e-02
-7.458205335583891760e-01
-3.235865377693565303e-01
-2.634200637273229617e-01
9.871360108110058817e-01
-2.810563165888575465e-01
7.771941834609938926e-01
4.420719688150103188e-01
-2.899532110490146142e-01
-9.902621498448997972e-01
-5.285887458908149483e-01
9.834764650810154940e-01
-2.840257358616584682e-01
4.850099605535238556e-01
-8.215294052472801312e-01
2.463778201507451637e-01
4.021276924385657203e-01
-6.423849586812551138e-01
-4.388927710129004733e-01
-7.564512915506038659e-02
3.019714438503811049e-01
-8.650853095701309670e-01
1.912670210100020363e-01
7.934106919167609462e-01
-9.875497501184380411e-01
-9.096067077102589771e-01
-4.698110710743514939e-01
-1.251214065980204015e-01
-3.329692325364295158e-01
-9.712208007269400589e-01
2.536958757321805535e-01
-6.194514241373560992e-01
2.482396484941169490e-01
-3.474190070532481300e-01
-1.392298770892108628e-02
7.751605030336097268e-01
1.603434916936332666e-01
-3.855094998019610308e-01
7.126507064005287440e-01
-8.398627159693539124e-01
9.550990005342212541e-01
6.093566456133354681e-01
-6.602438168955384601e-01
4.298119820660986079e-01
-1.706748863178151332e-01
5.670328702692828404e-01
-3.354295349470675092e-01
-8.219401354050659414e-01
-2.846503733563143790e-01
2.667838633953931726e-01
6.556023183727985870e-01
-3.129227666066825009e-03
-1.862000299927433211e-01
2.672873954516234996e-01
4.990812016520496108e-01
9.719851135427923783e-01
-7.547295168033485435e-01
-3.886617423827329887e-01
-8.609806132749424634e-01
1.352812077491367670e-01
9.369493403057504999e-02
3.678360701998553139e-01
-2.224761968759403352e-01
-6.417984220709287424e-01
-2.355640977790929291e-02
6.283815085128952038e-01
-6.578757497948108934e-01
3.315866957010287219e-01
3.347663747442726212e-01
1.446904452812367570e-01
-6.260307064858425807e-01
1.340887023708006165e-01
8.836205651205184530e-01
6.062242325041884428e-01
-5.248691867453603166e-01
-2.110196858839368250e-01
3.196002792914840462e-01
-5.364163371240724398e-01
-8.507819069317834604e-01
-1.449952126402607178e-01
9.319026725700358949e-01
6.363008024428820075e-01
-5.558692298476004545e-01
-3.017393705161324213e-01
1.695855862367123823e-01
2.343746229770788947e-01
-3.910026655658618289e-01
-9.166333636330741275e-01
-3.857760222746460244e-01
2.861515649290666818e-01
-6.456818110936679567e-01
1.409323647134630431e-01
-6.233317652900536299e-01
-4.209660267874384409e-01
-5.286883020863788474e-01
7.736208420052514967e-02
2.908511906150348381e-01
-9.708198630912756588e-01
4.141609919758304503e-01
2.187556664406229423e-01
8.590006385050186211e-02
7.409747374252415586e-01
-2.185445731913406853e-01
-9.563906468858613952e-01
-3.664549621229662435e-02
-9.142130754116946090e-01
1.955898707205825371e-01
