-7.282719995749793451e-01
3.331333459820151610e-01
6.335960024076630059e-01
-1.181035440038282758e-01
4.698023305316967324e-01
8.491116142387893362e-01
-1.159836229602839719e-01
4.881642449777416903e-01
4.015277388723859087e-01
9.692689063090036417e-01
-6.524473255407547967e-01
5.082899770791682315e-03
-6.923975022321264827e-01
-3.907408347118335179e-01
-3.499817199621260144e-01
-9.848208612836115705e-01
-8.511239237907346489e-01
8.732458432141154692e-01
-6.305058457338359457e-01
5.613733152443090013e-02
2.505034359446145498e-01
-3.444329856950707480e-01
-5.450092859376303167e-01
4.777952699260996638e-01
-1.788833239019260724e-02
-2.533555875514283962e-01
2.618455547261633320e-02
-5.565438548432699584e-02
9.680297585907404745e-02
6.136712404175446167e-01
-3.791683837142856284e-01
-5.123300787242475174e-01
7.427179886710708612e-01
4.326400033375841225e-01
1.059080844027748824e-02
-9.363951530457506056e-01
2.046253304186218536e-01
-4.411617174421174070e-01
-2.430045255332859977e-01
5.630362050448249889e-01
-3.762469692422896195e-01
-8.063833989029136617e-01
2.518221253276942129e-02
3.876375945908610010e-01
8.878862279772963273e-01
9.136791474249714717e-01
-7.485409997387595382e-01
-2.794211171358416124e-01
8.508139861486574418e-01
3.625507285422513437e-01
-9.317203708859322919e-01
-3.071548263533707690e-01
6.916242796714024976e-01
-9.185000159874121550e-01
2.387277065152781930e-02
4.074984158322285666e-01
-1.069780956294184016e-01
-5.543795332274474852e-01
-7.405957040576605088e-01
5.337203740668303720e-01
-5.434760084275440661e-01
-8.563120067497436150e-01
-4.184978367387266474e-01
7.100405729582368597e-01
-3.103665394873627026e-01
4.650997058144448193e-01
-1.221129038447008597e-01
-9.406175339663618296e-01
-6.298118495138895767e-01
-9.507493547296974601e-01
7.306644694630597403e-01
8.038701666545871038e-01
4.522860353415223411e-01
-6.386731891624692903e-01
2.306697043135148562e-01
-8.624157400861376388e-01
-4.510279601876532318e-02
-1.433575048269093433e-01
-8.549503523281267725e-01
6.770422822811221764e-01
-1.160217772640805833e-01
2.644124222754409281e-01
-9.548822840620485586e-02
6.520359165414635338e-01
4.504347475973475845e-01
-6.833086548142883743e-01
5.961058142449922048e-01
-9.803864847852294950e-01
1.254470000868954660e-01
-2.673567596271058111e-01
3.946452304920857745e-01
-6.483654242794936184e-01
9.891062308775018241e-01
6.868245443589762189e-01
5.099685394225861312e-01
7.867004046402825690e-01
-1.418233241979109938e-01
7.407178913240892726e-01
8.148023407549449537e-01
-6.837659149944985693e-02
3.487881244874202480e-03
-9.249497320485757790e-01
-2.248413216334246290e-01
-7.266317049214703339e-01
3.531766236179123553e-01
-9.316813298081982886e-02
3.133561935138524657e-01
2.559799465429437593e-01
-6.884194205284224211e-01
-2.166681005367621093e-01
7.746885235625360355e-01
-6.330864113828216233e-01
-2.501387863172290782e-01
-9.810776302744299571e-01
8.113190440984650031e-01
-8.155284184503228673e-01
-4.345383972483427559e-01
-1.493680414999549733e-01
5.700115924155737535e-01
-3.707356505822485548e-01
7.217652890157062462e-01
2.776548191794863119e-01
4.264738186291572308e-01
-9.470792991969327890e-01
9.984610096582013927e-01
6.442120845649996763e-01
-7.450366764533102870e-01
-3.563647623736168057e-01
-6.019761416888131933e-01
6.095997344909598326e-02
-6.685132782417508857e-01
-1.066468527706212477e-01
-4.335001580998836257e-01
9.078939910201189178e-01
-6.057859430400174272e-01
-8.917384432047659182e-01
5.092533206269627133e-01
-4.099083666925107394e-02
7.000493546211252749e-01
-9.691527706953317889e-01
-6.774199149315671686e-01
-1.545384162354939139e-01
3.677402150410036263e-02
-1.342267947064827993e-01
9.745748104400453471e-02
3.841200095588526153e-02
-8.754374412016301399e-01
-7.552811211331971197e-01
-3.906738872101158666e-01
6.463839361377110571e-01
-4.168026133390274612e-01
-1.959882387588081087e-01
-5.180662312012440651e-02
4.829480302787623192e-01
8.267444836826818300e-01
6.499063204811901251e-01
-6.009015940850970239e-02
6.320076040870314937e-01
-3.141475246504989993e-01
8.114937558190638001e-02
6.883707639879448337e-01
-3.387559918277838200e-01
-6.599691523042252594e-01
-2.139124747605847254e-02
-4.001082485646030307e-01
-7.052768485055354031e-01
8.581512751245485848e-01
5.342356675201405114e-01
-1.938132398828593672e-01
2.891244005666888661e-01
1.116394866302352629e-01
-7.105472071526528488e-01
-1.677246373799765600e-01
-1.771762008285380219e-01
2.223797123092925432e-01
-5.871646531161838212e-01
-1.589244008087697946e-01
6.032078362722672615e-01
2.237394045557956623e-01
-8.306999871293510029e-01
-9.754916970969287338e-01
4.552539404067053042e-01
-3.387332662462889665e-01
6.335746256043166547e-01
-1.282215164837829935e-01
-2.530921972953559251e-01
8.520470202156724682e-01
6.853376968766402566e-01
-1.176790827822895569e-01
4.521608177729194988e-01
7.454384972411698396e-01
-4.625576451387634069e-01
1.162007842170109662e-02
2.329985709789823556e-01
9.827978598778117636e-01
2.589246362736834506e-01
5.399762170406496864e-01
-3.818149003348083603e-01
-1.854755085979409301e-02
1.785187191799992856e-01
-5.976229687492045084e-01
2.337353845497784910e-01
-1.424656581103138642e-01
5.235776080750786932e-02
9.006073560014127288e-02
-1.621141037281641495e-01
-4.962055915296286202e-01
7.868653893464188087e-01
-3.648197898579710330e-01
2.457268779267831604e-01
1.004624091802674979e-01
-5.568859417732217043e-01
5.428932362954508317e-01
-4.999247207176655827e-01
-4.245266044200008970e-01
-4.369687319773356560e-01
9.810602387343727582e-01
7.857123994338790496e-01
-5.580496864651960376e-01
8.473887254648029277e-01
2.575310796184246964e-01
-9.558799229177683543e-03
-1.543899557880847873e-01
9.904048415472366251e-01
5.132590668060730277e-01
-4.393987312334817208e-01
-4.507868179470730929e-02
4.866807752642159368e-01
-5.827860048112392111e-01
-2.829084987858665468e-01
-5.692665823931397640e-02
-5.414289559941207752e-01
5.443201665825261326e-01
5.518425337069186032e-01
-1.142381277345643209e-01
-4.842076537113215728e-01
7.382559954766956256e-01
8.729850370653635672e-01
2.724787000870623199e-01
1.739701267498330317e-01
4.435147208956677911e-01
6.230116183013485465e-01
5.132718047297102348e-01
4.332148314844044279e-01
-1.491642671427730882e-01
-4.107117411062326529e-01
-8.258253000797646237e-01
9.298504937809701776e-01
7.195556618378586844e-01
1.973383590616137884e-01
5.032632105969656600e-01
4.335264230258006890e-01
5.930876420821846740e-01
3.977214547870533412e-01
1.332753536951458706e-02
-8.991344550601709784e-02
-1.571910303590460245e-01
9.464678666836128240e-01
-6.525402586881701161e-02
7.646325789679386808e-02
4.183415736389450856e-02
-2.689846912986568750e-01
-6.568829874516777245e-01
4.248495150794056041e-01
3.663457547449948670e-01
