4.527544651679968890e-01
6.223742555275182387e-01
1.439218672393034471e-01
-6.144464632421373640e-01
-1.043734350198859406e-01
1.958118059254907450e-01
6.987181328279137293e-01
-5.818226063005695892e-01
-3.606601873086603405e-01
-8.478803060867718955e-01
-5.441714502837640133e-01
-6.120512176781487401e-01
-4.952321470210374610e-01
8.260602997092350019e-01
2.985003447553196132e-01
-3.181275111218608842e-01
-9.536319364277339172e-01
-4.637922681219872612e-01
-3.975695695847425437e-01
4.508247690423972109e-02
9.727878171227151149e-01
-1.920473637684660950e-01
-1.699163832544980934e-01
9.309254537904152471e-01
-3.251389084088573966e-01
-7.585841181268453415e-01
-6.749367775074306408e-01
-9.957758734578101567e-01
8.972863445362844192e-01
3.699261007429126558e-01
8.049608806764356750e-01
-8.575170997707999287e-01
-2.345520164162047116e-01
1.282628720254690435e-01
-1.685393900217995178e-01
3.309441237328907270e-01
-8.261218345401790675e-01
-1.778340300444727351e-01
3.850703608290311220e-01
-4.220447023510960349e-01
-2.945135359090174099e-01
2.129995913659661344e-01
-5.915767122735902106e-01
4.852756599053940079e-01
-2.890377637222707463e-02
-7.595036306024234296e-01
2.363264442793799880e-01
1.343024729737671841e-01
4.057851792992495099e-02
2.814168754198327349e-01
-7.017624994805842231e-01
-5.745005726073109109e-01
-1.865171530366784847e-01
-7.191542808837405598e-01
-5.575526880701160426e-01
-3.142343488712657784e-01
7.314831299486310723e-01
5.802369832182874276e-01
-6.968555542085177468e-01
-2.564349793124092169e-01
4.250836879751633823e-01
2.007375625166842870e-01
4.183588273094440702e-02
-9.848024540365671875e-01
-5.702733257898398023e-01
-2.990815061716929346e-01
-3.353468356342275136e-01
-4.603020304771268112e-01
5.184218352457685697e-01
3.267122575076044644e-01
6.253307070372995380e-01
-7.804579917698561964e-02
7.144458039218286594e-01
-3.567997286697426329e-01
-3.055325335718461766e-01
9.719941125439057750e-01
9.961831496417679066e-01
6.626870674811224937e-01
1.044860816280646088e-01
-2.014475459883156017e-01
5.589182773003464888e-03
-6.811219567736199743e-01
-2.175136424566468385e-01
6.899623095556157715e-01
4.058995446744084745e-02
4.487572600039411164e-01
2.128355700802351258e-01
-4.809408930410081773e-01
-1.956061804073667698e-01
-7.895767796031758490e-01
5.572634325413485801e-01
5.022253378234555754e-01
-9.726611392085031671e-01
2.003376205800888599e-02
-9.686717955305814698e-01
-3.891395484424204909e-01
-1.562592407753391477e-01
6.792198951912253868e-01
-7.639747841399169292e-01
7.415837014611708078e-01
-2.797969556825907755e-01
-7.836884850437335626e-01
2.029012556464249162e-01
-2.510384842252479931e-01
4.135227281654434428e-01
2.141567132246702254e-01
1.846894653629529426e-01
-6.591413404547685762e-01
5.186120315265296821e-01
7.150337322999456013e-02
-9.102474356994978422e-01
2.565245867291403581e-01
7.428566106073657416e-01
8.457692689381444140e-01
-7.100804411933332450e-01
-5.394958194579784205e-01
1.071421729311849980e-01
-6.999645368952296387e-01
-5.945116365204095032e-01
-6.767164273127295182e-01
-6.895751232235602934e-02
9.161399615028376076e-01
1.611663569763774895e-01
9.145838601509357346e-01
9.171619381831190854e-01
9.784148562614369826e-01
-9.151953427494821103e-01
3.119996620860179259e-01
5.871377037042435632e-01
-9.568847599937964077e-01
-3.361762058961326183e-01
9.579987919653267792e-01
-1.187493104150683099e-01
6.031058463320280172e-01
9.740774229934874295e-01
-8.366778633850417979e-01
8.470085719981355066e-01
-2.407437067147000231e-01
9.796444269314454889e-01
-9.341880803158086888e-01
7.405328682129395101e-01
1.030894693488124680e-01
3.197668988733290973e-01
-1.530275601345272296e-01
4.494894442443784222e-01
-1.690510448137314548e-01
-2.740387173606828597e-01
2.422036326985868016e-01
7.271012054671444069e-01
9.812653924365521974e-01
2.808047245522220514e-01
-3.252737128727500870e-01
-8.732909611226657987e-02
-5.583475636706729528e-01
-2.369052553339674461e-01
5.050265579971968677e-02
6.984013682340854956e-01
-4.564335969399069270e-02
-6.813787822983223830e-01
-8.749032865720491881e-01
-7.913073777634227479e-01
1.531856845876577999e-01
6.427878328095286697e-01
-2.541132395683400880e-01
2.984763466518514097e-01
4.406548828702558929e-01
8.260305552602766888e-01
-8.454086769076563090e-01
-6.174011090693378723e-01
2.489556747703438599e-01
-1.658240358084521748e-01
-6.248721696485783905e-01
-2.531000166227526105e-01
-3.189796222358398659e-01
3.091403196261535147e-01
4.907278093855937939e-01
-4.342709709100245341e-02
8.470135886338028275e-01
2.121711142218491997e-01
7.359855429640964619e-01
4.295343685898653785e-01
2.924028754186873691e-01
7.283894198578091395e-01
-1.095279997771558822e-01
-6.993703129459418744e-01
3.584687209556225440e-02
-4.846765515967577098e-01
7.396903234250729042e-01
5.879794965261289086e-01
-6.633524826896615156e-01
4.330803835482637254e-01
2.384664772635307628e-01
7.902452592047752855e-01
-2.313474432001105807e-01
-1.607536393298412136e-01
2.479541051340983238e-02
-4.072685369004513944e-02
-8.855380490412125827e-01
7.265282869390357057e-01
-7.901518128100419869e-01
-9.460173581839850243e-01
6.385220803325521999e-01
-5.256161519693842710e-01
3.177474281836973891e-01
2.956945094539975560e-01
8.503134600828543554e-01
-2.715863266162710232e-02
-1.116020623163347381e-01
-6.250607606025198049e-01
8.485665506572486194e-01
-9.061060989030456092e-01
3.806550684426346365e-02
9.277670292247013339e-01
9.173136329224207408e-01
-2.943934617526857700e-01
5.488374617280029621e-01
-6.505658153263442767e-01
5.384733852943459631e-01
4.362506341699385892e-01
-5.411923324751712894e-01
1.523521779764662742e-01
6.037510429354420172e-01
1.508467320872952655e-02
-2.721559255016157142e-01
-3.406884330687784956e-01
-2.915243228958346311e-01
1.028787279931793197e-01
-5.013214255996609747e-01
-7.157095147625249787e-01
5.926823879961675701e-01
-5.602984139156348409e-01
5.301067609095722055e-01
-7.242664646524088479e-01
1.616563432145998735e-01
6.886822534494325687e-01
6.743835608913073543e-01
-5.425145183965316420e-01
5.110722633311646224e-01
-6.775690928330555529e-01
-1.258114557364622410e-01
-5.978040249663159056e-01
-2.027700533496301638e-02
7.730914624751372699e-01
2.128927312089134993e-02
3.931476963633342425e-01
-4.217016721464128537e-02
-4.348607007407363501e-01
-5.548335184505732709e-01
-3.345722946516604956e-02
-6.234420885167064608e-01
-1.679149557955488259e-01
4.043934151833816770e-02
7.496284520582787714e-01
-7.389402289223836462e-01
-6.144081329134509772e-02
-3.165110766374730211e-01
-3.092237499955363678e-01
-6.477749396460494857e-01
8.902976583245516551e-01
4.500739060606329112e-01
7.635883156091649582e-02
7.726746896147129728e-01
8.169806772149388330e-01
-6.869100692283323095e-01
1.868383912604061337e-01
