-8.941596893434700100e-02
-1.110051770557580753e-01
-8.888503630697206503e-01
9.819381604458670143e-01
3.685479274852496712e-01
-4.903449696367619959e-01
-9.458966250838092282e-01
9.337881797960830843e-01
6.530913445425481356e-01
6.314139073198590246e-01
-5.227266529686049878e-01
8.431150543399557051e-01
-7.002283229458856617e-01
6.830055798994372207e-01
2.972133398731600096e-01
-7.450734071857623153e-01
6.103069632937043743e-01
4.185368153571360494e-01
-1.490748804965662533e-01
-9.770820292073131297e-01
-8.644423035230883734e-01
3.578995910043718531e-01
-2.770051497809106200e-01
-4.424821232138327343e-01
3.148688808159396668e-01
1.238306244187561411e-01
-8.221646478856616813e-01
7.204988725650778303e-01
2.761948708987724821e-01
-4.192354641932349857e-01
-8.824935933953740319e-01
-1.399936112133679522e-01
-9.080179857342625116e-01
-4.521724019451454080e-01
2.528359123829678201e-01
-7.833004293214507197e-01
-3.033732621786668915e-01
-9.810172290875076584e-01
-9.581027041367069508e-01
-9.920743483752905156e-01
-7.935802993811698069e-01
-4.844099729510364938e-01
6.535348935365794532e-01
-4.875584031112183414e-01
-9.593608350817961483e-01
5.811289433135840010e-01
-6.525340461619881793e-01
-7.213412128324270256e-03
-3.425917225323631410e-01
3.637049647422712084e-01
6.888306283005736219e-01
-4.469250621297775616e-01
-8.238411699438759062e-01
3.322691783181938030e-01
1.616183510429376469e-01
7.227955693780789836e-01
4.483241047203234686e-01
7.365277205971449970e-01
-5.130353958826319172e-01
-5.360641203440426050e-01
-3.791289059737874556e-01
5.196711635386159767e-01
9.423678696672710409e-02
-2.252068221831440287e-01
-9.482648579277691558e-01
-4.443170874989526009e-01
7.475920604952899229e-01
-9.165363345132009343e-01
-3.633848917956781222e-01
-6.160933545648275000e-01
-6.056451573749386252e-01
7.859716826155482838e-02
5.270027935514787210e-02
-8.432048737587767295e-01
-3.323571856238884958e-01
4.453220578987973632e-01
6.332589206837136997e-01
7.541558396586369728e-01
-7.683843250692450333e-01
1.257474601084824783e-01
7.000568898080985480e-01
-8.544621881466547553e-01
8.410180507070157407e-01
-2.123176156957867766e-02
-9.661905179072034500e-01
-5.343560074818569650e-01
2.959008184786235951e-01
6.293266343695248510e-01
-9.331521829739490848e-01
-7.292975973139039780e-01
8.364132265329360383e-01
4.755616356992119487e-01
9.216597414441566327e-01
-7.841020622930034989e-01
-4.696646765488285968e-01
-9.912803022485725535e-01
9.136919433317378658e-01
-9.464485939575701945e-01
1.074394073800911675e-01
2.208046114254557102e-01
3.249642632712879120e-01
2.127967639007166123e-01
9.498407879755891292e-01
5.140013745200633366e-01
-7.295329465799236246e-01
-1.419055290283277593e-02
-7.489210020779621946e-01
-3.853653169207147955e-01
1.870495984728482997e-01
-4.392166895269047355e-01
9.314786297143320404e-01
-5.760093250023469169e-01
3.234895382760420990e-01
-2.055591042285642711e-02
9.971388274571338917e-01
-6.623943852029894330e-01
-3.182105891370201611e-02
1.727224146666279658e-01
1.489146518421651244e-01
-9.997353396505523904e-01
-7.390253999768552351e-01
3.415369584811402959e-01
-6.879450844324375147e-02
-7.209389739782078310e-01
-2.465799391721867906e-02
-9.080146012600558425e-01
-6.953592353159179229e-01
-7.606669753033545867e-02
9.459684846556812854e-01
9.361468627718363411e-01
6.172710934351239853e-01
-9.252111035302583719e-01
3.114028926002438968e-01
1.565561037100466901e-01
1.141769707535101874e-01
7.399641148165045923e-01
-9.932157116669089181e-01
8.297134288578726924e-01
-1.787036168170255124e-01
-3.382469107442280798e-01
-7.916450939851633617e-01
-5.594478474549797742e-01
-7.127543271939908998e-01
3.533520546498292170e-02
8.587570023358989113e-01
4.975459610497044993e-01
-3.514829207169267722e-02
7.567563926641089900e-01
9.593055851143514889e-01
2.735481939272090823e-01
-1.176398545837702425e-01
-2.073073820364468578e-01
-1.989026084209946088e-01
7.859862550307958884e-01
-6.895805915256225660e-01
-9.404049830715072167e-02
-8.196594821729079605e-01
-6.145447755056121508e-02
-3.778299961424211872e-01
-6.508031083044503173e-01
7.654784324502010850e-01
-9.062810776859997475e-03
2.606322221791268490e-01
-6.163903569402897631e-01
-5.840499492688211447e-01
9.494415433405245519e-01
7.664733253421357473e-01
-1.374881442358018013e-01
2.808096332426985864e-01
4.143834152476257859e-01
4.719486560989798463e-01
4.394875144601371186e-01
-5.165107900549390507e-01
-6.721676473451217992e-01
-6.565261294668323089e-01
-3.492716393933571473e-01
-3.600816940774063113e-01
8.992999449324722283e-01
6.215759509609114497e-01
-5.662642389288035094e-01
-9.447962929940427745e-01
-3.147154417450102049e-01
3.675577094680168022e-01
7.633473223590625523e-01
-3.919167028867267533e-01
9.454137481082507399e-01
9.661398989953255967e-01
8.608527293533150271e-01
9.419617138012443824e-01
8.436127225647682693e-01
-8.058826821317390809e-01
7.131327483365899056e-01
-9.195769251069658701e-01
7.584080136355135782e-01
8.552527182912805781e-01
6.343275244792336842e-01
1.712714004134792134e-01
4.693770919859476809e-01
-2.502078146057795660e-02
9.892226371810780572e-01
8.503708593820525907e-01
-5.251938884141340580e-01
8.438580710551827346e-01
-8.543446231926239420e-01
8.385094921961691039e-01
-1.353902109407845167e-01
5.934046663747231110e-01
4.613668279799441052e-01
9.282749784959627437e-01
-7.321524828817000952e-01
4.627688575602060261e-01
-2.949503955392001053e-01
-9.390181953449483476e-01
7.991048522770154428e-01
-2.199510031862442760e-01
4.065980823152561818e-01
5.286844436874694741e-01
9.252607382152869819e-01
9.345257002598800211e-01
-5.395816348491546677e-01
8.448652520539361443e-01
7.798434351497578465e-01
7.319334538261006440e-01
-8.819568140255735766e-01
-6.355593174443815441e-01
-6.070111513684606219e-01
-6.101882561647413716e-01
-1.689471608934882130e-01
8.317528579416366696e-01
-1.658677149377336679e-01
5.907043079994338530e-01
7.045780747440295588e-01
9.618561041579793969e-01
3.999885286682927088e-01
-1.339513000916325858e-02
8.687757916065268482e-01
3.094698548297545315e-01
6.312698967489118740e-01
-6.105685078110227870e-01
4.716458046586005648e-01
-2.544916557205989527e-01
-8.948557507176524428e-01
9.959139619449560721e-01
-7.474602971640071924e-01
-2.917643077886982184e-01
-9.841230123970516885e-01
7.713951482922517533e-01
-6.832146997808326017e-01
-6.782756897661545992e-02
-3.815480713086185638e-01
-5.983310190349697688e-01
-4.484464230390226014e-01
-5.624639509156343919e-01
6.009697672015179570e-01
-1.023912075151378054e-01
-9.508429429189846349e-01
2.145638466005581613e-01
9.654562129074908405e-01
1.291685093712644505e-01
8.271735442511003455e-01
7.392898573389905525e-01
9.657584271452530622e-01
3.006731991849374008e-01
7.165668212655307290e-02
9.413560894709775972e-01
