5.336914968668455828e-01
9.637163118389542316e-01
-9.991702201012349072e-01
-2.126679838393397137e-01
-7.633406125170059120e-01
8.730465740133253050e-01
4.109559787033785216e-01
4.652767434565845406e-01
6.587987459142248259e-01
-8.875345935757781302e-01
7.726130968589273174e-01
1.283732474890681985e-01
-3.618256497158125473e-01
-4.264238783031244484e-01
-7.091933978264151062e-01
2.680602297992156213e-01
-2.011802848639594465e-01
4.010949322623260649e-01
3.949820833879535975e-02
5.582589101099171280e-01
5.761916346784936582e-01
7.139671064360371133e-01
-3.715269129205645005e-01
-6.521211451365538370e-01
4.499965619934442884e-01
1.527737251335499202e-01
8.097257268975854849e-02
-8.167839950119357706e-01
3.981901669625422802e-01
-6.058012283914049334e-02
-1.892032803188066215e-01
1.276334814744650714e-03
1.496165386541383757e-01
-8.784121284193999735e-01
-3.951027695151601016e-01
-9.281613173118397064e-02
-2.856851574921688286e-01
4.741912931724403535e-01
-8.298058475385550192e-01
-5.244693883827939995e-01
-6.611285826911430519e-01
7.096374127218980643e-01
-8.314745662097591250e-01
-6.733046080510720621e-01
7.388176964333774688e-01
1.006273435183044906e-01
6.017523744608455072e-01
9.137477883253108946e-01
-4.414947629048060485e-01
-9.917278636943105408e-01
-2.777722945130001175e-01
8.324207920949286965e-01
8.068724582753705743e-01
1.881450653348886171e-01
4.936194779785578746e-01
-8.566944443828705680e-01
6.338829663513532164e-01
8.517097036900593832e-01
-1.392344020490305923e-01
7.220900259549902778e-01
-9.663443947314394045e-01
-6.609317733179793652e-01
7.025284289775031166e-01
6.673544208432213853e-01
2.707325837236940203e-02
-9.891374235241785495e-01
7.328359772651462656e-01
-4.969591336279786109e-01
3.494031236520931394e-01
-8.743882253725154818e-02
5.876291237288395752e-01
-5.045657805390368900e-01
8.309093141757291079e-01
-4.775035099008142492e-01
4.435381694687345888e-01
8.379172134226551272e-01
-5.632601489293023178e-01
6.438623487972270354e-01
2.908989108379955724e-01
-8.894804623671550559e-01
-8.280724764763609524e-01
-1.225321591205701388e-01
-3.701476952735194281e-02
7.754986703514321622e-01
7.474047740629901071e-01
3.474095422987082404e-01
7.276713255459721363e-01
-6.959305267752300406e-01
-6.830060942362252696e-01
2.881905495940366713e-01
6.563584897454854961e-01
-4.049760065900169792e-01
-1.877292100799607955e-01
-4.917631140056426542e-01
-9.949691375137017513e-01
3.511215958688775896e-01
-6.403229860131447460e-01
-4.464703526050077809e-01
-7.073460011605190445e-01
-6.405182145018173401e-03
-6.422003041444437343e-01
4.538936882606543488e-01
4.986357291690823867e-01
-4.269350619942515745e-01
3.361646412902778991e-01
8.994558356898114670e-01
-8.589170090516935474e-01
9.141784646703834394e-01
9.877239174820386935e-01
7.899338589085200812e-01
3.484104719928269311e-01
9.042855005256371648e-01
8.393929161239712666e-01
1.899373880282537730e-01
7.126273126274806913e-01
-8.823779167490086728e-02
-1.780868982817511714e-01
1.659034663213259098e-01
1.689132445990819686e-01
4.336899325053040766e-01
6.905754984967613641e-01
5.688434502737049758e-01
4.878814125189341322e-01
4.924626924447863541e-01
-8.672045605207747698e-01
5.153976131075999056e-02
-5.088298527591073039e-02
-7.281158286834610305e-01
-5.612285578810070064e-01
3.300294502297194121e-01
5.296384589301872392e-01
6.323685341438571861e-01
-4.584148252844986171e-01
1.583164133048358124e-01
3.334042407385242601e-01
3.781815978754663465e-01
-5.161599131862859569e-01
-4.658125049556365305e-01
-9.307987421180334842e-01
5.608991083689178758e-01
-8.546844330498912790e-01
6.713842581059930037e-01
8.918050167171007736e-01
-2.668749951847813051e-01
-4.930303256176262749e-01
-6.733950311424103941e-01
4.772757019046818261e-01
-9.645973096107718359e-01
1.883222225480762901e-02
-6.001039119271287525e-01
1.795236322412556706e-01
-2.200676168773767483e-01
6.664768553328668244e-01
4.188107177491633415e-01
5.048032074714505768e-01
3.705857365749911647e-01
-3.577670338478244894e-01
7.017510202406667119e-01
-2.894465954617970738e-01
-6.348889555008967456e-01
-3.359380047281512738e-02
3.652169825700781747e-01
-1.811867518467471516e-01
7.998507637014649063e-01
-8.738006124882120584e-01
-6.038375128819857274e-01
-6.922536546137092461e-01
-5.164377512964088979e-01
6.262547605013579766e-01
-9.927413843934229654e-02
2.260280750553340656e-01
4.831255506190037519e-01
-6.029099280675844774e-01
-2.974619480096334367e-01
-2.479663059027719108e-01
4.908671529554453627e-02
4.054784657263383885e-01
2.218954363568172994e-01
-7.223854899786634753e-01
-6.665233510721071397e-01
-2.599035345020026533e-01
-1.716440472502145376e-01
-9.045007012398038615e-01
9.658146963115865624e-01
1.616259811267823920e-01
7.964991532158038900e-02
-1.383390860280795387e-01
1.485183401394023495e-01
-1.354472906657839815e-01
-5.280718303611249276e-01
9.392834490457171448e-01
-9.176130118024579119e-01
8.308147147518647468e-01
-9.289229125599820502e-01
7.648615909811096181e-01
3.675505230284650260e-01
9.552651413192765339e-01
1.704771409226597534e-01
6.991741534994473373e-01
-7.422383133711902836e-01
2.934247687186397613e-01
-2.098746902010872883e-01
2.254083372781459094e-01
-1.720583545284553040e-01
7.232194118254520188e-01
-9.198765767726286846e-01
-1.169281566802906625e-01
2.397843455006487545e-03
-1.540032396209820575e-01
1.740785726565579061e-01
-3.632074171778501004e-01
5.413895673667634689e-02
5.061745609805166080e-01
-4.066837334655004632e-01
-4.441927491725923272e-01
-2.577228771536135277e-01
9.102120161545068644e-01
9.507013990857371422e-01
6.348837896362786726e-01
4.289740115245783691e-01
3.303234366418090762e-01
7.024760527797322407e-01
-9.473444180278312032e-02
1.763064970950209975e-01
-1.179080011105209103e-01
-3.714708606907508592e-01
-8.446447926447422372e-01
3.729589417761296488e-01
-3.639832598965919708e-02
1.153230247414338550e-01
6.596006753504621845e-01
-6.840224319915562123e-01
3.712644316631186214e-02
5.260363865391493032e-01
-5.995987919642875585e-01
-5.934348429430649219e-01
-8.351048133605927237e-01
8.918488882002346685e-01
-1.107119510331333601e-01
9.899761875790076271e-01
-4.878487769889026104e-01
9.436132654341866655e-02
-7.126494281245336904e-01
9.674217391326573878e-01
2.830995581326645194e-02
2.916573780773561442e-01
4.310844199657566378e-01
2.742465985197193312e-01
-4.263963566894868329e-01
-8.236025967644078349e-02
9.215256923305581438e-02
-7.704364812056938572e-01
6.027048212241443714e-01
1.572347573430645795e-01
-8.926893094836529929e-01
-1.125538775434924421e-01
-8.994546046108904402e-01
2.784652258650632817e-02
5.938093119393597075e-01
8.769075131345325236e-01
-2.996572118763294323e-01
-8.150883361549183803e-01
4.333255990209905484e-02
-3.153859397380371909e-01
9.744153784549054453e-01
