-7.573802022428419711e-01
-7.462778651698009913e-01
-6.790197204918975160e-01
-6.379146512456961293e-01
9.415378717487743465e-01
-4.672294291763072760e-01
-8.668464067532033468e-01
5.976565208654986971e-01
7.152846561786840862e-01
-9.534257197733264633e-02
6.598000250624602714e-01
-9.471148850066479774e-02
-4.654254143668723476e-01
-1.239796922186997552e-01
6.755715776238668813e-01
-9.775999065986562542e-01
8.258388837967325369e-01
-8.143737725001076733e-02
-4.279994840526444300e-01
-4.514476818301991212e-01
-9.199290647832205625e-01
1.850158632134022429e-01
7.554684106394704557e-01
-9.029940749439968606e-01
-6.710580840782836010e-01
7.322069848010821502e-01
-4.514093106458514360e-01
-9.878820169193756051e-01
-8.421074659096989823e-01
6.011822574759166926e-01
1.516054116851155431e-01
-7.437298013776740824e-01
1.671992003068676347e-01
9.071785202343987109e-01
4.283132647300564866e-01
-9.640645732445094485e-01
-2.188711185941549786e-03
-9.595942774015067123e-01
-1.751093049984824290e-01
4.417029090956465787e-01
-6.030907976385522229e-01
2.750110515557109281e-01
-2.384815530019623875e-01
8.092213899444231640e-01
-6.333476681630942906e-01
-8.471133752228170444e-01
4.147686296404873296e-02
2.531032046900978383e-01
-6.244786142181233402e-01
-5.743726671197957323e-01
-5.097502284744299672e-01
-7.545064122923821337e-01
1.462911270308115963e-01
-6.859224184503320831e-01
9.078584249319749944e-01
-6.908489178853118862e-01
-2.097159257762910567e-01
-5.667174978209665870e-01
-6.876516701813553123e-01
-5.415994326016138061e-02
7.708334216754231250e-02
1.948688426146336639e-01
-2.633276838747926618e-01
8.610906246034619738e-01
-9.219734551992631033e-01
-8.490897902804259711e-01
-8.166280482216361492e-01
5.752448041720483740e-01
1.847219567399622786e-01
9.816768364158452442e-01
4.737937121541349050e-01
-2.460645507184744396e-02
2.020823011991210727e-01
6.623366628153410929e-01
-7.383678909521795841e-01
-4.837400010991934618e-01
-7.602136491164663834e-01
-2.840516029165269796e-01
-6.645524039250640946e-01
-5.317305710656192730e-01
-5.084582129397525740e-01
-5.600337362166329935e-01
5.718223570126625965e-01
6.067587550133053398e-01
9.305909239367520236e-01
4.392028207906626402e-01
-3.657692272558032975e-02
-4.984618209136870703e-03
-2.051071056554754080e-02
4.490280903674692681e-01
2.363783573157669515e-01
-4.100809806119922740e-01
8.224580511157015827e-01
-8.432874727289272343e-01
-4.021644564178104009e-01
-3.458417083630225264e-01
3.946137386268082636e-01
-4.912607083359881166e-01
-4.412656026706225365e-01
-9.186120406918953929e-01
-6.838065774384871620e-01
9.805660179278763433e-01
-4.097189664509497398e-01
1.112343177954071560e-01
2.712465090689912817e-01
8.646999553438008412e-01
7.410048313536301556e-01
9.795293878359627726e-01
-7.803391509822676930e-02
-2.804764221894060494e-01
9.408011714185933183e-01
6.526801232141752340e-01
2.102211675243292888e-01
5.063568107843019472e-01
-3.288432350985672770e-01
8.640357620165590724e-01
8.571414012377884806e-01
2.807628119877190187e-01
8.046397608953885783e-01
1.164783196875474047e-01
3.969414499926444684e-01
-3.680965064347123672e-01
-9.085800169265192405e-01
4.882019640641843683e-01
5.344158176156446061e-01
9.880768433380711091e-01
6.800766735026515519e-01
-8.350488251418930474e-01
-2.165561344375013242e-01
7.170320111672106034e-01
5.141137605621914908e-01
6.540370485586630700e-01
-2.925349006621731363e-01
-4.472909774280418027e-01
7.130141872268753733e-01
1.199765055286241555e-01
-8.925790372928539274e-01
-4.401592597032499832e-02
-8.547529406442906375e-01
-1.761327249336281930e-01
1.816514518892831109e-01
-3.673203392782800059e-01
-3.021624003406109260e-02
5.161295273684791685e-01
3.303429141229239363e-01
7.131738520602630693e-01
-2.273016836434649246e-01
-8.213569837692038522e-01
-1.787285591299123677e-01
-3.073474863287604109e-01
1.675170386071609396e-01
-9.927042813374931107e-02
-2.052504413338502864e-01
2.430224192373722225e-01
-4.690930716105883302e-01
7.322488944558847024e-02
1.329256377326095695e-01
5.148704254229872213e-01
5.688546525501856355e-01
-8.261125840758767325e-01
8.961160187899521734e-01
5.481360456762802702e-01
-2.745707466582056888e-01
-7.324009848117252197e-01
4.159799036719551424e-01
3.502841066822548477e-01
-7.734307476400477110e-01
-1.298784412122904186e-01
7.462306226649761953e-01
5.943344151997103086e-01
4.418364815074171670e-01
-5.767513547366163174e-01
6.395439086523568850e-01
8.933953602635438251e-01
-4.998175980759376191e-01
2.544150186493852051e-01
5.502802745156878395e-01
-6.079934327110638748e-01
7.525675948456476139e-01
-3.941323095471223059e-01
8.108748628291402305e-01
7.948534276618810512e-01
-1.148017257535964841e-01
-3.512021680452608319e-01
-9.331947230951600503e-01
7.515483386937196197e-01
-9.113444790249545235e-01
9.993828094626551195e-01
8.465955856323468254e-01
-1.976715986263479774e-01
-8.815015462953672554e-01
4.929381856841585918e-01
-4.475621948950438966e-01
-1.867782972395144458e-01
9.311082221011135474e-02
-8.385525775230511236e-01
-5.639630609923118598e-02
1.132579131113082838e-01
-1.334834489335749996e-01
-5.255923419099368665e-01
-7.873083070345581191e-01
6.132452792730807012e-01
-9.233297869049958972e-01
-5.258287857564909462e-01
-5.260096881445230910e-01
-4.649427306987645725e-01
-6.161070646337438728e-01
3.440609251090021026e-02
-4.936675487445125743e-01
5.707294658456241176e-01
-8.559473102582448867e-01
-7.830922724579285621e-01
9.298280699655445680e-01
7.954844429980436615e-01
-3.350948612793527293e-01
-9.643978675966891068e-02
9.523773897557130663e-01
3.258809227789063456e-01
-2.324296142791617559e-01
-5.426066514213112590e-02
-9.353846701507622097e-01
2.999786226678975432e-01
6.479047263828421332e-01
2.876307988063091514e-01
7.628486050125447004e-01
3.785956464003918942e-01
2.764661956551297539e-01
-7.320348925788671135e-01
-2.881868073577098510e-01
-6.119698672965372399e-01
-9.696146919999026892e-02
4.671506941782133104e-02
-1.809104256885956108e-01
1.371173819470332678e-01
-4.851583549182181265e-01
8.359033765603547383e-01
-9.071613411694086082e-01
-3.836793378970790869e-01
4.681495310431258439e-01
9.052833412767837817e-01
-9.963846784892984587e-01
6.239814252237738668e-01
-8.409118612646013791e-01
1.822756416863406947e-01
-2.808067775261597898e-01
3.312375404029572756e-01
4.524385018094541078e-01
8.760969875632627080e-01
-3.810613877423125739e-01
3.252722124034823636e-03
-1.666976757743690030e-01
-6.621861356627916084e-01
-1.088311614701622521e-01
2.152067275140494562e-01
2.240439492029899782e-03
3.636155735442172521e-01
-3.389720522828887361e-02
7.815033053836073496e-01
1.416649858713545651e-01
-1.197222977060166116e-01
-6.782295306012753322e-02
5.276879547046964269e-01
-4.709492376412196535e-01
6.952227799090751059e-01
5.323232021851600493e-01
