3.506258680987515142e-01
7.519675196981498999e-01
4.682115445254979580e-01
3.857869629661545563e-01
3.019563218832426177e-01
-5.345965370037357722e-01
-4.230051667266074844e-01
7.267804707375262740e-01
7.234767291356549723e-01
3.330062273677794060e-01
4.984949188659351105e-01
-5.552427047488048828e-01
1.983247513432988551e-01
7.837471781230826995e-01
2.412047968947073073e-02
-8.962284957065635993e-01
1.030470723234859776e-01
-3.530397353570233765e-01
-3.499259144601156724e-01
-7.628450985896124692e-01
-4.748985439690884824e-01
4.074587505969529122e-01
8.420486221310734543e-01
-7.484134109777351718e-02
-5.224556800816446689e-01
2.442878335894702602e-01
-5.763217042847681437e-01
3.813387866666535508e-01
2.438448763265601560e-01
-1.759956832537710181e-01
5.278616707359051752e-02
4.064847587361277714e-01
-3.353688133366741209e-01
3.519708150188636253e-01
-4.917897308337204620e-01
-3.534179437758140363e-01
-8.071139925443129304e-01
4.007294388875952684e-01
2.749743789549075057e-01
-3.240957376586122152e-01
-1.144676952770260492e-01
-1.679909711020151075e-01
6.984258172867530146e-01
-7.051792139230146361e-01
9.850857425088366259e-01
8.381855517416043622e-01
9.991730126780473675e-02
-4.308252210983443131e-01
1.073684537406358608e-01
-4.473842188637660033e-01
6.419400500273775290e-01
2.051726551034098733e-01
1.010902298915481445e-01
-7.841598947956436305e-01
2.669487088202453506e-01
-3.127050486082230130e-01
2.058097820932922595e-01
-5.779566021380755370e-01
-3.312289987091494581e-01
7.933368059161143293e-01
3.207211471131832248e-02
1.274409994320933048e-01
2.344504175075783348e-01
3.637951174393567744e-01
-3.040556682550346057e-01
1.438049667571921209e-01
6.260059327620084435e-01
-7.004291902988080132e-02
-6.854023983242496509e-01
-3.420637328385376374e-01
-9.383290871220497653e-01
-8.512395690146836724e-01
-1.042194519467809499e-01
5.901668901890699814e-03
9.815584053279484689e-01
3.582240326591485946e-01
-7.587190747722079021e-01
-9.357004607775927241e-01
-6.061467910402611459e-01
-1.969029588686426191e-01
4.155160133456530236e-01
3.573972706377599451e-01
4.660329317093641066e-01
4.726580569447049740e-01
9.594475201288725774e-01
1.869366989910727916e-01
7.693356116994722882e-01
3.875282559894626111e-01
-4.841199643955707010e-01
-9.944486494134385790e-01
-2.041048310612267880e-01
6.897477044109734390e-01
-1.438599166912937211e-01
-6.354733790648783298e-01
1.585443679436830955e-01
9.960379644663455156e-01
5.634608810363421760e-01
8.125384772584982596e-01
-3.494493144285359953e-02
-6.189054606432931038e-02
-8.338201605573429820e-01
5.581331469944836865e-01
8.699283757335323219e-01
-2.061581119847668564e-01
-4.184203211979984349e-01
-5.185581721576548730e-01
5.046267871942613503e-01
-6.263066918235586922e-01
4.900621510796336899e-01
4.105134802447700793e-01
-4.764496795246186966e-01
1.147063591534083216e-01
9.660608440706148770e-01
3.146811642583742241e-01
-8.732637461551386870e-01
9.245736951884329091e-01
-9.823209277087430191e-01
8.686281730720861738e-01
1.765889619047593673e-01
2.096890883258155647e-01
-6.773152859896383049e-01
-7.334242115044007360e-01
-1.947171918350998343e-01
-8.765593579885178066e-02
8.616290661135781459e-01
-1.636927038877804552e-01
8.372394667507718768e-01
-1.834005805707905612e-01
-6.574905043606471544e-02
-7.595568172487310310e-01
-8.276366746049284018e-01
-8.759622941552833719e-01
8.941537686067142499e-01
5.537756269649896090e-02
5.712172095223309043e-01
8.648862291988810291e-01
8.904831973870273032e-01
-3.776732582593635978e-01
1.053224466878130983e-01
-5.862016848304631988e-01
2.072667735423470159e-01
6.655924612165498022e-01
-6.889032786844502265e-01
4.688206944063948445e-01
6.351213757127487369e-01
-6.245137311503115018e-01
-9.527049304623838033e-01
6.353794333084974433e-01
-7.602954020993322182e-01
-8.530765394932571244e-01
-2.855154632171976736e-01
4.959729220210871148e-01
4.696321879820808398e-01
-7.090817295053641889e-01
2.469775288923954371e-01
5.772423197760636615e-01
-5.143528608316554340e-01
4.654948177413320565e-01
-4.053980265578460696e-01
-1.668672661882175667e-02
-5.812903255012435988e-01
-8.744757686832802523e-01
5.370375977788444111e-01
-6.529932116385863683e-01
8.761782082830373852e-01
-5.200716495936645867e-01
-5.281134017172606221e-01
8.839029419588997349e-01
-3.291773444821495254e-01
-9.804993911859849476e-03
2.263017627343939520e-01
3.542479758208083584e-01
4.821436821905762393e-01
2.603400301607126099e-01
-5.650622609322974998e-01
-2.778739652363659829e-02
-8.663289121797208558e-01
-8.224778988503438359e-01
-2.763064860174764270e-01
1.329279558103491077e-02
2.384569649068621899e-01
6.543046981635212145e-01
4.401373829179962005e-01
1.318038894423390062e-03
-8.454471432267931519e-01
1.780212397342628705e-01
-3.139357847853754269e-01
2.960992167393221575e-01
8.121957890431057425e-01
1.663117498585631182e-02
3.336962930284090856e-01
1.381936302265081018e-01
-4.739053208206733814e-01
9.495290620028236095e-01
-9.588730040351260975e-01
1.384295546076095285e-01
8.966540430826186459e-02
1.651971722449392388e-01
9.718691408948043620e-01
-6.945833858437293618e-01
8.347628002296338945e-01
-5.770510536072059882e-01
3.082978087685575019e-01
5.465410939725536821e-01
5.410102324137664453e-01
-3.519966695489584740e-01
-3.866058437423511851e-01
2.496979260686595925e-01
3.115173066694096882e-01
-5.052122052445893186e-01
-3.736387010905841688e-01
6.374960788028927183e-02
7.247402814904735369e-01
7.350586206811613454e-01
-7.467826136466684250e-01
1.484740668658290907e-02
-8.801416822683503227e-01
8.217646887206928596e-01
4.842238097035744815e-01
-9.641218716316937165e-01
-5.703089752291057302e-01
2.991500236572437466e-01
-3.990109576023144200e-01
9.456447716516498403e-01
3.985541297377781511e-02
-5.329928144857154493e-01
-2.754504201478678027e-01
-4.755527336728777588e-01
-4.457282686136276872e-01
7.488760970090995173e-01
-7.635664554547521021e-01
2.110208953217895811e-03
-6.831895031320904810e-01
9.577535961547214427e-01
-8.803450842516151731e-01
8.428618573538051439e-01
-6.896679674460377552e-01
-1.935434336764776386e-01
3.111217674740336392e-01
4.979623172496463468e-01
-8.987547101894228785e-01
7.944164550693217919e-01
-1.621481885687459101e-01
-5.518739166402439889e-01
3.321282387425823490e-01
-5.901806486544232122e-01
-1.284300472994812647e-01
2.480210084797480619e-01
-4.362531730121443907e-02
-9.415081646192391407e-01
-4.973332888918942096e-01
-2.786039608784187660e-01
4.251470236648695611e-01
2.915239761043615374e-01
5.675908486497149852e-02
-1.943243766714277676e-01
4.624852060272730547e-01
4.918718606363357004e-01
-3.306932350328040116e-02
8.249174163824988248e-01
5.660727299224093123e-01
-8.130241650026741596e-01
-7.533862046220696218e-01
-6.895815877131734606e-01
1.928450815598039547e-01
