-6.742824749007672036e-01
-7.634549125737086772e-01
-9.392362689014654986e-01
9.203668039203727336e-01
-6.006050345645912447e-01
5.442428233358864720e-01
-9.018155327398491572e-02
-2.936031090044124436e-01
4.785087804177032833e-01
2.967574080837609429e-02
5.948854349423335908e-01
-8.649278062199508010e-01
-8.915945521926973427e-01
-7.124609508171650951e-01
7.880293092957455503e-01
-5.785445224776888384e-01
-4.519120103313027936e-01
4.099700368299799003e-01
-2.339212745282364114e-01
-3.992325639921467939e-01
1.442667705795819266e-02
-9.946806601070790066e-01
3.156758287364194171e-01
2.996678817788231974e-01
2.692129424625395728e-01
2.529708524888232279e-01
5.968260255526562919e-01
-5.312595996513294061e-01
-2.587416345897672887e-01
9.637037207617773493e-01
-2.017602410034902150e-02
4.439840706722357755e-01
2.231369743808362394e-01
1.261807680015856192e-01
6.195533615990636012e-01
7.995411803285095154e-01
-3.236894665554657102e-01
-4.651512241919353308e-02
-4.262467765213302506e-01
-2.874352339384063093e-01
7.026790027010501039e-01
4.794250467465024368e-01
6.520408058082836078e-01
7.839957171188136620e-01
-1.352360358466380141e-01
-7.368131303805334209e-01
-5.614976023381925696e-01
-2.079453922359117968e-01
-1.419398553961608300e-01
-6.279281146825472781e-01
9.826225142392339684e-01
-4.064502728049110836e-01
-7.187767811808698504e-02
-8.045830631727148852e-01
-8.792663497325208244e-01
4.910354510318528654e-01
7.569464080706134190e-01
4.346355449466201559e-01
9.112742260067110411e-01
3.821619712061290475e-01
-9.890136638688422632e-01
-6.535642687423099950e-01
-8.769958982622994004e-01
6.720957201154091898e-01
7.450464275647246115e-01
2.971484775447488236e-01
-6.385730647100860136e-01
-9.760485198962685072e-01
-6.499983904948163360e-01
8.769465211179097164e-01
-1.116191200028748831e-01
4.805720125718067059e-01
6.271695180568366279e-01
-7.134076773023618756e-01
3.036593908876703551e-01
2.730420065124590234e-01
-4.663655215777136043e-01
-8.535179314628251745e-01
-8.191554026062772831e-01
-8.961341421797959228e-01
-6.073541230868784169e-04
-6.100703813063179659e-02
-6.139945822147439003e-01
-2.738059445559217764e-01
4.806992812032784279e-01
-4.263648535447341903e-01
-9.539549867298855457e-01
9.092435772333566923e-01
9.514034592184192896e-01
4.455625832938390207e-01
9.253058050448315086e-01
-1.048531285388154544e-01
-1.879103030590043577e-01
4.278560736929337693e-03
1.733364347615204970e-01
4.417806160188919584e-02
-3.698207429789892586e-01
8.481506987333904402e-01
-6.992164279107724312e-01
4.310169570778896730e-01
-4.271054885840774862e-01
-9.821356246055015227e-01
7.076460181865407151e-02
-2.924529077751749639e-01
-8.571998300044993968e-01
-8.443069163086622808e-01
5.289140561278735664e-01
-4.196746259628136855e-02
8.312153921873255413e-01
-9.306957892985519010e-01
8.924622473599785888e-01
5.284251468946199459e-01
-4.386752793005674889e-01
9.724396465907223508e-01
-4.278543823834266568e-01
2.988681797675185603e-01
-9.510214773043759173e-01
-9.908482914501761663e-01
9.188851283672165859e-01
6.816080356916376370e-01
2.809952689214056942e-01
5.565801140370250089e-01
-7.275529225550252388e-01
2.011632184319462890e-01
-6.890699367892201277e-01
-6.477440078113403388e-01
9.756342174016510160e-01
-5.868599874655564541e-01
2.401453912236208854e-01
7.700285996388296361e-01
-9.321665953691526951e-01
-2.746835986904543336e-01
-7.398777859829659409e-01
8.337160612110858793e-01
6.023903457518813287e-01
-1.589335060964285340e-01
9.061377511492916259e-01
6.023349332618253005e-01
-5.484277108183595040e-01
2.187872610310119814e-01
4.992783736398664907e-01
4.732307700926412508e-01
1.365326845306471526e-01
-3.127349865802921958e-01
-6.516011035159996467e-02
-9.935363283009284174e-01
-8.637418087746944195e-01
7.532701537487975774e-01
4.672164519981467645e-01
-7.088900359204897139e-01
9.480586538046387179e-01
6.467419388722508433e-01
-3.006938033909183350e-01
8.954009836057210681e-01
-1.162056159821571732e-01
7.056964430411305500e-01
5.182874792121232588e-01
3.428070381631034280e-01
8.784887495737259133e-01
3.612598573312397754e-01
5.117130514299594868e-01
-5.998461021587246922e-01
-3.140883605773983067e-01
-9.625981299457064821e-01
-8.845312091481229988e-01
5.786858624627331249e-01
-9.840678584091808734e-01
-4.749860611472229710e-01
-4.126739259876974764e-01
3.427589638543271366e-01
-8.933621771548818646e-01
-8.613052469138862133e-01
-3.290946193789743290e-01
7.304922017103308018e-01
7.460110513221680506e-01
-8.447499636448754234e-01
-4.684351502996446648e-01
-7.176578086847047455e-01
-5.847050474666706243e-01
-3.441663795545535365e-01
-2.166862891933392099e-01
5.003937966810270144e-01
2.161882306451115010e-01
1.355269729586709992e-01
-4.678787383991105386e-01
-9.360033534229652563e-01
-5.923434808283476460e-01
7.193587976737534362e-01
-9.782169409212049249e-01
8.483989945196566129e-01
-4.564639078109833381e-01
-1.145415110011731574e-01
-2.735860849166822373e-01
-6.916587129744027340e-01
1.649505647213569404e-01
8.422208472392527234e-01
8.679436343078663629e-01
4.431812853812917563e-01
7.781245024284755285e-01
-9.770612495544415133e-01
-5.916229814630202810e-02
-1.577796038005412349e-01
2.769493634032125229e-01
-6.078029014414734199e-01
2.791653803354421370e-02
6.151466682294977062e-01
6.646509174946393372e-01
-5.064579653762535383e-01
-3.024991894577624407e-01
6.890445717892390576e-01
-6.175449638267402896e-01
4.527425616269971087e-01
-9.883361885173107542e-01
-4.578965263347576364e-01
2.992607862607721270e-01
2.442590135498206028e-01
7.199541910144047208e-01
4.309881601965639408e-01
6.744176728071755722e-01
4.065123680307267673e-01
3.370554061354560371e-01
9.075057787193130387e-01
-2.249757689097158231e-01
9.748892426682600476e-01
7.193386806510049247e-01
6.789029562244193183e-01
-9.197384592095849687e-01
5.320878679018947732e-01
-8.058886007731724810e-02
-7.823343884244868818e-01
-8.645740123217895423e-01
-3.921200411731202706e-01
8.666431488055497123e-01
-4.245227576839925021e-01
-8.985287291039802948e-01
9.183522177898859606e-01
2.003549944061557841e-01
1.759450849757435709e-01
-5.095537715084801356e-01
4.728111456533756751e-01
3.394814913561394754e-02
3.524412302065615954e-02
2.177804237267781939e-01
3.468342683719030095e-01
-8.444362857903309205e-01
-2.305396326121540440e-01
-4.115352570329391391e-01
7.040858499325728381e-01
6.395965016902263045e-01
-9.320374624188654256e-01
-4.946630546481156632e-01
-6.323535235712274272e-01
-1.450695300552815592e-01
-6.660945471548949115e-01
-7.794356203200487609e-01
-2.790302903338199858e-01
-6.471436714138076862e-01
-2.962469121479935907e-01
3.694811331626903783e-01
8.849781293933958182e-01
1.633169338536648585e-01
-9.157424021595734764e-01
7.038912583456145011e-01
4.765708460852329242e-01
3.094059325588116582e-01
