2.164060213242642305e-01
9.880144619860902200e-01
3.452082938370737430e-01
-8.955171948880382704e-01
2.674333597376892246e-01
-5.756578220918473487e-01
9.754343425893841069e-01
4.745282345911108202e-01
-7.549788779323585164e-01
4.611987538222603877e-01
-4.020772191365113990e-01
-8.220092987554283859e-01
-9.056184858020797090e-01
9.244353280431871767e-01
-3.864950099688415630e-01
5.435411119008248804e-01
-7.026310529277179917e-01
1.068561360434683305e-01
-3.390159951034734664e-01
-6.881377416743477138e-01
-7.248586964377867758e-01
-7.800698462964918978e-01
-3.735158812462011646e-01
-1.556149819594105921e-01
-6.683606070878080896e-01
8.170782213592688858e-01
7.543316948288438795e-01
-9.162924732817256945e-02
4.238013732841618975e-01
8.735605483390433967e-01
-8.506413071869001197e-01
4.337653250751105638e-01
-5.241740075866796467e-02
8.095868083034032381e-01
-8.192925450063370807e-01
-9.305762174168978884e-01
5.247185667735636549e-01
6.235561251225687496e-01
2.734695728745697441e-01
9.635275580340609825e-01
3.989335357144341287e-01
-5.163444806632579986e-01
-5.789498748455992327e-01
6.391292342662526771e-01
3.196730898216715300e-01
3.630468684631980025e-01
4.619367733680759258e-01
-3.965718483282678619e-01
-3.538680191808056819e-01
4.617407990170117049e-01
-3.579359651501208273e-01
-7.537522887103971225e-01
-7.804729824133747051e-01
4.155236032365328125e-01
9.561317920321339425e-01
1.853614287139304651e-01
9.194722341388630316e-01
2.917331328971035642e-01
3.708735800593354615e-01
-6.633687071991378748e-01
-8.295802083905035040e-01
-6.392942575831612739e-01
3.201282155526263828e-02
7.978661961232247357e-02
2.892789386262959450e-01
-7.102819940069746707e-01
-9.420301204163283870e-02
6.624712596801323183e-01
-5.730579413686729406e-01
-6.109721353152826051e-01
5.491369394227985090e-01
-9.958713364950488867e-02
-8.442102611735680107e-02
5.267940504845869398e-01
3.605261353409483505e-02
4.790897559302105257e-01
5.003321359309642613e-01
7.188198196490234171e-01
5.318731261029043811e-01
7.582054360920669200e-01
6.213815070733110790e-01
-9.666520512882845750e-01
-3.862907040555447757e-01
-5.189877672446270296e-01
9.940026629168763339e-01
-3.024621640625420049e-01
-7.945313327095249178e-01
-9.307973508066791357e-01
-2.528350610487308803e-01
4.590809503810981962e-01
6.821752159541549787e-01
-4.586441578693547516e-01
9.421232792490654706e-01
4.766923328080745481e-01
-7.177867644190230045e-01
-8.872095159660096098e-01
-4.316912691150331938e-02
7.816197355233678312e-01
5.108506336424420979e-01
-8.607347843788748509e-01
9.203822490390496380e-01
-8.205429843882510177e-01
-6.829948163090076019e-01
9.185199581493264098e-02
4.137758000326474672e-02
1.968424768780867584e-01
8.521645207442625214e-01
-9.465978387800597638e-01
-4.204575976503988066e-01
9.234770570969272896e-01
-6.510306370456131475e-02
-5.584611073742951071e-01
8.770904864604673890e-01
-2.726741653782971397e-01
-5.354876704584499159e-02
-5.735930808816616100e-01
-8.521193835031657393e-01
-8.746127551856708315e-02
-3.522074739036924473e-01
3.935062421889168327e-01
9.987173635217903023e-01
-6.469764324836035918e-02
9.783719054225892275e-01
-8.745044533349679572e-01
9.681491355754112682e-01
-3.719085467528255862e-01
5.177196134390174009e-01
9.992101882581445604e-01
2.022103996184987373e-02
-9.578696122011898240e-03
-4.125163782070484508e-01
3.321628744492213237e-01
-7.546978735820277784e-01
5.798014529518749072e-01
-1.981428781355674129e-01
-6.372388593658648848e-01
6.240496239372639309e-02
-9.406098533878819445e-01
-5.301766783915060621e-01
1.397596193178785029e-01
3.327293877431252156e-01
6.703033663103157291e-01
8.192375967532417036e-01
8.604759375670296695e-01
6.786569537151379006e-01
-8.340011286541981761e-02
1.418975230639385465e-02
-3.124533539955631767e-02
-8.210545635893846672e-01
-2.671387782872760575e-01
4.176167131187646930e-02
3.529143947878166099e-01
9.174770507936857999e-01
3.706500073218825797e-01
9.342333445832102790e-01
-8.836666269434558796e-01
-4.429820819825314171e-01
-9.007822240671348180e-01
4.930564729622446407e-01
-9.486723551030160628e-01
-4.366451414779553009e-01
9.105205565594076678e-01
6.647355924141724604e-01
3.867524166691014287e-01
-5.421420277685589095e-01
2.789229169883093995e-01
-9.950799146402216078e-01
6.428922405564274634e-01
9.489186037442478572e-01
-6.631035085540388785e-01
-1.394508863792049969e-01
-5.983800783630233155e-01
-5.003667878744948450e-01
-5.450511103820994130e-01
8.869082103791197103e-01
-8.174224600406034824e-01
-2.071526491358810507e-01
6.424281821341104592e-01
-9.307072439833428135e-01
-9.789577787750283200e-01
4.744021599283430035e-01
-6.511635328629863384e-01
-4.533308495614916112e-01
-1.227409047159322419e-02
8.038333164629696270e-01
6.196038067364413315e-01
9.376677324195232810e-01
-7.368286081352970474e-01
-6.037131134589057702e-02
8.251224841827888845e-01
-1.717001346406838991e-01
6.326506400872027314e-01
-2.115533625339591772e-01
9.241869930115509391e-02
1.788166507114410386e-01
2.042835466461838667e-01
-8.445609042533537281e-01
3.284565368995528978e-02
1.459935029467414047e-01
-7.686254464759922911e-01
-2.344140886801906465e-01
2.539764378940714273e-01
-6.725410617020273207e-01
-5.270958505698686292e-01
3.263208671285515727e-01
-9.155624182107455766e-01
5.149036933094366386e-01
-3.447995351266950337e-01
9.743984598744681591e-01
-1.055927223773791557e-01
-8.326205501526533492e-01
-3.639531501829458282e-01
4.857333474955576325e-01
6.061290946118886858e-01
-6.700712755735827031e-01
6.880199090150671548e-01
2.823736876464690848e-01
8.987579586161682510e-01
4.148544540211451803e-01
-9.124093307007519194e-02
-3.759174582993951574e-01
-5.234217076280451852e-01
7.702821058695268341e-01
-2.441763265146845718e-02
-7.238514186603102196e-01
-3.094586964971337562e-01
-8.963304789992010413e-02
-2.790708272877213680e-01
8.937996032765447296e-01
3.378056614420259507e-01
-1.148391473182011069e-01
5.582921181796620669e-01
2.706912529902756326e-01
1.990668777296320524e-01
3.210859411301247857e-01
-9.393375887775949895e-01
8.519863957713558200e-02
-9.127550587728936460e-01
-2.593302904767704753e-01
1.047486526600158729e-01
-9.732194703378853617e-01
5.690136118385427100e-01
-8.371658876309076014e-01
-2.391744261433115248e-01
-8.879025429486882004e-01
1.656791919640896449e-01
2.333279627968043446e-01
8.399580033078450914e-01
6.051326191988335435e-01
-3.506125309299519266e-01
-2.275554391960394884e-01
-9.884744685889323979e-01
5.140861424232230359e-01
5.627920569107800475e-01
9.939995918462067870e-01
7.599903104227998529e-01
2.476101399667052227e-02
-5.344347999598997312e-02
5.319766437169095585e-01
-6.061466267603308200e-01
-1.513438095968211439e-01
9.399206428235817867e-02
-8.691117488447763773e-01
7.126356531097970404e-01
8.644571788697268389e-01
