-9.920893216841115692e-01
-8.656795088563833396e-01
-8.268234003652714659e-01
1.781189243324650118e-01
-5.444837910387081426e-01
-3.372453425490498091e-01
5.288663320854376515e-01
9.434234226918016830e-01
-4.293368150677943085e-01
1.257004577408931123e-01
9.142817347757969948e-01
-9.892806730047254415e-01
-1.016315153112024028e-01
-6.609853292171925521e-01
7.886949347444465186e-01
-4.968792167989235509e-01
-9.050505838277136395e-01
-2.683869327255683501e-01
2.871950773856004613e-01
-9.042037195088714618e-02
-4.935462590604531297e-01
-8.094597188828258627e-01
9.526147655374477274e-01
1.203073234060088037e-01
-4.553315700849731584e-01
-9.487795261361127164e-01
9.994939280508308155e-01
-7.680037990905284051e-01
2.127280271121150257e-01
-1.964134060742215304e-01
6.810736653707574195e-01
-2.952783283744140341e-01
6.703446946521858241e-01
-6.705953039754530831e-01
-5.458754255262776578e-01
3.549141290245074742e-01
-2.066447422876722673e-01
-5.909207001897696099e-01
8.296501608752924195e-01
9.138531805269980435e-01
5.563345626814772960e-01
-8.578020894402156316e-01
9.486653895575174467e-01
-9.409157106390853009e-02
9.609650905623383643e-01
-6.966100975258755490e-01
-2.938280530880956753e-01
-9.029049366528840714e-02
4.031974182084097080e-02
7.889662925799685311e-01
3.747139862132891075e-01
-4.808171657855950798e-01
3.662899815915212631e-01
7.649044866731278258e-01
-1.621622601240915174e-01
-1.968864582073213132e-01
-5.105067622421015638e-01
6.883943087926251980e-01
8.726113675910596168e-01
-8.312668922624715240e-01
1.432588983444185171e-01
6.805773840464832691e-01
9.078082393340425327e-02
-2.923806253211851391e-01
-1.512309089676917573e-01
-9.424273569310770426e-02
3.040347334955986192e-01
-9.986461273635034441e-01
-1.134401128009803195e-01
-2.589935710403701297e-01
-5.274547675499960953e-01
-6.187139186110468536e-01
-8.904735072755731728e-02
-6.904843010814742943e-01
5.312052464246383998e-01
-4.315544227415517575e-01
-2.197497573513018665e-02
7.055882139336135950e-01
6.859867228584344279e-01
-7.585069960016801449e-01
8.168900307826569840e-01
5.331943234519598285e-02
2.115620396253983238e-01
-8.529171232542660519e-01
5.307373065072515939e-01
9.361542611827962102e-01
4.898593052006194881e-02
-7.427498879649441221e-03
3.229083832076820038e-01
-9.363958878870102254e-01
-1.843524475363336190e-01
7.834107072733433874e-01
-3.512025840953403311e-01
2.364225101716972421e-01
-5.063816605604487542e-02
-2.813347136962129902e-01
-5.756080906163305588e-01
7.487509219578096786e-01
-8.681917460552652788e-01
-7.207349789402550666e-01
6.334422511672257450e-01
-5.951767714744800042e-01
1.765124447334831537e-01
9.228875676600414302e-01
-9.945598163928912605e-01
9.453482061135296544e-01
-6.318667354599665220e-01
5.539674931450320194e-01
8.496823117568690353e-01
-3.409723800357815637e-01
7.374503208027036738e-01
-4.363648962231923001e-01
-3.662447936821493499e-01
-9.662989057147350902e-01
-6.511542296932704144e-01
8.963709330584097579e-01
-6.639049002728227844e-01
4.280683973297410017e-01
-8.225957100247494047e-02
3.762245943079483013e-01
-2.706862602441297838e-01
2.143644909459658798e-01
-1.966772027439058768e-01
9.660789772765099315e-02
-9.247998196923168379e-02
3.644183991998284355e-02
1.552923647602857393e-01
5.763965181681123262e-01
8.088264732107735000e-01
3.405434607913300216e-01
9.634609077990261561e-01
6.595469319861084756e-01
-2.438223939483830094e-01
8.640765659570115442e-01
2.751178402055165506e-01
-7.665788003187889998e-01
-7.206908592849647910e-02
-7.001911516978718275e-01
7.708411790214306780e-01
7.394994295175716381e-02
-5.752697250021738817e-01
-5.586488681834507197e-01
-2.990069017552807740e-01
7.590537839700353118e-01
-5.404350475318275837e-01
-3.842563463991741646e-01
-6.217005948156186790e-01
7.882757870307832704e-02
1.152546513413945650e-01
5.862246501666454890e-01
2.801941978460842364e-02
-7.968529643288628783e-01
-5.503024522908579463e-01
2.801977666691766178e-01
-6.801125799529676996e-01
-6.380951364929883241e-01
-6.952327848284736156e-01
-9.279366401730368974e-01
-5.488494472710181427e-01
-4.314798910655290864e-01
-1.883652294282296413e-01
-2.211001909413936595e-01
-5.778323620392753490e-01
-7.143320184628687564e-01
9.867106548209392258e-01
5.551573312056732323e-01
3.566433541543274632e-01
-5.189658825440410794e-01
-3.122850826899217225e-01
1.418838290822195258e-01
5.915636753404962533e-02
4.730220980831112421e-01
9.834175012093933077e-01
2.311366892705195575e-01
-6.186878575302312555e-01
2.250183886587504567e-01
-9.140443871249992469e-02
-6.044586039248307507e-01
4.808085391556862209e-01
-4.899239170217233319e-01
3.017710564370810200e-01
-9.419382255690433858e-02
1.390334047216326141e-01
-6.850200548432328063e-02
-7.782892392429048289e-01
-3.562378995131121329e-02
9.178688585641499031e-01
6.277577583229918545e-01
6.693451213251604415e-01
-2.667116780850877777e-01
3.111866550670743248e-01
-2.222441664732206501e-01
1.506876385581403799e-01
-1.131820170081403454e-01
-4.633923337641734364e-01
5.653271195897708878e-01
3.465188622203427826e-01
-1.968348409058695569e-01
6.886363758376066180e-01
4.393824117394653506e-01
3.306414976405964712e-01
-3.850769867431989013e-01
8.542506942365215572e-01
-6.360962501666367341e-01
-4.088250170589922128e-01
-1.025291480507590780e-01
-6.884711960915848028e-01
3.845690664711742812e-03
5.668878299780406582e-01
6.609030274248173242e-01
-6.945338266709781827e-01
-4.129177102313290604e-01
1.195125219848036657e-02
-2.697443126061709329e-01
4.331112554610361265e-01
5.371474999017231688e-01
6.142092154399050319e-01
-5.645150734646011692e-01
1.979237766793628950e-01
-1.523331827239280400e-01
-9.420642387915261207e-01
-5.856151541593850318e-01
6.890997272514791661e-01
-1.414854132838847534e-01
-8.935716007311556019e-01
6.239720261002983381e-01
-8.779721813076628578e-01
4.752837758638794874e-02
3.141224057019986748e-01
8.552867553976009063e-01
-6.616104915574032574e-01
-7.586224910414363087e-01
-9.154005110087826136e-01
5.299824400546362391e-01
-4.202279276153169096e-01
9.455312965728044361e-01
-1.898182224601663304e-01
7.359963977393475520e-01
2.722756017087757385e-01
7.695966363953277156e-01
-8.840206258215335122e-01
7.761746271484277759e-01
5.257736698887851556e-01
-4.027637901477953974e-02
4.702631565974559891e-01
-9.186417675789917414e-01
5.791563661565928278e-01
2.173414134411446597e-01
6.950207388078948334e-01
4.115765095627512693e-01
-3.790054609334811975e-01
-8.381621403032755158e-01
4.630659389693809747e-01
-1.820230082228995183e-01
-4.869476790586906301e-01
1.170543785091089362e-01
3.670159721056012181e-01
6.900018931216604923e-01
8.885088077337499612e-02
-6.444186558551083799e-01
-5.513138454790025289e-01
6.576889040346418636e-01
4.502642219970647286e-01
-9.239116514640144384e-01
-8.894506928991423589e-01
