-4.170690485924546387e-01
9.243661557028719500e-01
-5.115282979009705411e-01
8.823382209789001340e-01
-7.785478085287975691e-01
-5.356935046302568892e-02
1.566788503359024531e-01
-3.677384224575817040e-01
7.927564297816660499e-01
-8.440446742768235033e-01
2.190754363016689243e-01
-2.059109803665133409e-01
-4.091453309964545593e-01
3.755269781942343066e-01
7.976160215039227452e-01
-5.461693990836880008e-01
2.394008086994106055e-01
-6.408442866351446998e-01
-4.471043523044444523e-01
-5.936264475859840406e-01
4.611515818402096567e-01
-3.658532399907283850e-01
-7.549718364864739240e-01
-6.354319128807786043e-01
7.648765498369094473e-01
-4.926804398806527985e-02
7.698985163420368760e-01
5.747052167564747904e-01
4.179488649972815661e-01
6.935415025450646365e-01
9.944851212087235659e-01
-3.128552100750723319e-01
8.573271413275669328e-01
-9.081655718608867556e-01
-7.119971375829736715e-02
9.520830192152773819e-01
7.285556715090661939e-01
-9.305452706310624045e-01
4.690928458703249593e-01
4.709742705763406700e-01
-3.295792023581027852e-01
-5.980825332896102520e-01
-9.451252742618629910e-01
1.220762419989611658e-01
6.463141354105206293e-01
-5.739803683480302343e-01
-6.925255593472345872e-02
1.287397455554117887e-01
-3.246505397512007285e-01
8.225644673705974075e-01
3.702475625776453505e-01
-9.197375049829898952e-01
-9.031854650392876493e-01
8.558334784463563771e-01
7.544500578109445410e-01
7.043162123963533361e-01
-3.999775073227374023e-01
-8.333277906423324222e-01
-7.609008809025061826e-01
-5.795213829203882394e-01
2.099775881540111300e-01
-6.199105806078577530e-01
9.391062945780288551e-01
3.193874670610399313e-01
-7.758600259332226745e-01
-5.346164118271143906e-01
1.121975489494702050e-01
-4.315379593615236153e-01
-1.285077336409439219e-01
-8.053330907160849428e-02
9.337053950499185628e-01
-6.186153360202970575e-01
-3.535594852091841211e-01
-2.984027009301515321e-01
-8.943538600161977659e-01
-2.080401779230263148e-01
-6.349678107258649451e-01
3.506757769651014378e-02
3.435751125322381583e-01
-2.088983411328504403e-02
1.027433379695521509e-01
9.933166444076115820e-01
-7.761532355164539876e-01
-4.081956081188524710e-01
5.179901793671335408e-01
1.613099371626960377e-01
-7.958276219143298746e-01
9.661381963813642226e-01
-8.959658227298019639e-01
8.358750234984886340e-01
1.119476565282240266e-02
1.737060609388101362e-01
6.437411476475030092e-02
-2.853074013526191166e-01
-5.262304246174069888e-01
6.010776437159000007e-01
5.895275207617607371e-01
-3.115536095035409403e-02
-6.929442113173411855e-02
-6.018409599611087568e-01
1.389749249405580755e-01
4.179345530678035825e-01
7.743959654971224182e-01
-6.041139505209121019e-01
-9.406742285032765327e-01
1.750157156788723078e-02
-1.060494389151989125e-02
-7.495492841632462877e-01
-1.983528003524415162e-02
-4.058960657898558200e-01
2.743035303459384622e-02
-8.314890561539518554e-01
8.303643728674514612e-01
-5.611125974097435076e-01
7.922190954776240357e-01
4.754316761908499167e-01
-8.521306574401443790e-01
9.328811839121302629e-01
9.978155101551662298e-01
-8.327207823181370649e-01
-1.244726456361213707e-01
-5.782496675577086798e-01
5.497001623196233755e-01
-5.000454126013182954e-01
5.138017880519694103e-01
-4.115319491181632650e-01
3.811899040446988796e-01
7.369177258304453471e-01
-7.889718184490439601e-01
9.285653539272813450e-01
-1.797347968154090481e-01
-7.616796440596773632e-01
7.669819872299945551e-01
7.996331199236370590e-01
-8.434746927125673643e-01
-4.421774016344210967e-01
-9.946453321727057872e-01
3.253678698212159048e-01
9.515996117617420147e-01
-7.819437940493318973e-01
5.381575078979234927e-01
5.920048717841304153e-01
3.442992865007474812e-01
8.528622885026480027e-01
-8.743657400287729864e-01
-5.330547694288252369e-01
4.973999947631460028e-01
7.000774864964991462e-01
9.090212816031504328e-01
-5.510416721187769706e-01
3.366064449458552321e-01
5.249487944453434807e-02
3.829257829050765061e-01
-6.217881921096799491e-01
-9.541009945701124373e-01
-8.401004917475951572e-02
8.537398470845172227e-01
1.609996205314216944e-01
8.497498543944541627e-01
7.198804615178180377e-01
-2.406584386308996404e-01
-3.002855993538766644e-01
9.996014608983205818e-01
-1.946637362361454127e-01
2.859488866923776129e-03
3.558552637900203042e-01
7.508806192322659001e-02
-5.645018180476093494e-01
-9.308524924665095845e-01
-8.016006418989514160e-01
-1.827671866725699701e-02
-6.591247593654396830e-01
-4.410954839145497797e-01
8.570117166664927844e-01
-7.865678790601959847e-03
-9.437140274363948755e-01
3.188498354485191921e-01
-6.442619891736311999e-01
7.297799204448256472e-01
-1.412301535523889928e-01
-2.903142204883355504e-01
4.304370222065236895e-01
8.400718360668253393e-01
6.957357128343621966e-01
1.549538597081059343e-01
5.050820493028584934e-02
4.173048473373168754e-01
-6.065256571757000614e-01
8.020365180186455056e-01
1.318981597194968103e-02
-5.400602767744069332e-01
9.933492695776853232e-01
1.192823510144671584e-01
1.234594638552197754e-01
-4.235191946015275377e-01
4.910946299951262084e-01
2.131318661531786951e-01
-2.196144251991556384e-01
2.276050594032463792e-02
9.760718546183850819e-01
-8.292192904348363314e-01
-1.564267107857268968e-01
4.176169065320443075e-01
-7.081384543354656280e-01
7.123210326207860543e-01
-6.915853711812682825e-01
8.106929006029421902e-01
1.154520260488243188e-01
-2.894422986557836364e-01
-3.706228021670017192e-01
9.360112576017594055e-01
-1.650464920382888057e-01
4.756477253254485227e-01
-7.054883983391884161e-01
3.797345264434048850e-01
1.514969119534195219e-01
-4.501443234546598227e-02
8.643227982855290481e-01
5.289912662447322500e-01
-4.617540152613945903e-01
7.224101638740438869e-01
-7.651277051121052608e-01
-3.686668120787188752e-01
7.371590725537300326e-01
5.477174662016923712e-01
-8.470938742653610909e-01
3.043904507743435683e-01
-5.538664039234810765e-01
4.312656398043597239e-01
-3.554795547781222087e-01
-4.928998764903154139e-01
4.946321108636850816e-01
5.987048302329212035e-01
7.675060458562421584e-01
-1.049317672733482976e-01
5.752769774925643453e-01
3.664319494698904389e-01
-1.142184458334847275e-01
-7.233719382658001518e-01
1.510468419256791872e-01
-4.143237559288424077e-01
-8.947284093373657488e-01
-4.228931110780909108e-02
-4.797814687254009502e-01
-9.000972413411032491e-01
-9.763557928258113083e-01
-6.719849829102912953e-01
8.891274936233517501e-01
5.375311239565243593e-01
-1.550948009388264381e-02
7.147070637392725079e-01
-2.537038768125883248e-01
2.509497150106403396e-01
8.277297428296825910e-01
6.785036585424895073e-01
-4.200950945404076098e-01
6.521485503871924383e-01
-9.210857478116323271e-01
4.966235831655607669e-01
1.283867089518058169e-01
-8.573660821063040505e-01
-6.740043999798359664e-01
-9.792568479182282015e-01
9.610580222651421423e-02
1.804225225984867897e-01
