-1.409174265940982274e-01
4.053417668215257841e-01
-8.503640719009808446e-01
-8.363634846032739212e-01
1.114694579787041118e-01
-2.552042083601002709e-01
-5.838981475187619008e-01
7.301664573741439845e-01
5.154293050140272836e-01
5.523717265839143131e-01
-6.417738987243848392e-01
-2.263780676107225442e-01
-2.489900449199256016e-01
2.011597005260203908e-01
-4.995891125106135533e-01
-1.476739747751998344e-01
-6.160291750023736412e-01
2.033016276672161560e-02
8.413698646043621387e-01
3.474121518262476283e-01
9.768014070634747359e-01
-9.252645876586456097e-01
-2.255925085481931269e-01
5.165573178223672457e-01
-2.102802721376797468e-01
-1.112223467322723813e-01
9.040066294024204918e-01
5.027505226049910902e-01
-9.039747270547355829e-01
-7.916758577869507096e-01
-8.220829381632177579e-01
1.249022607281116137e-01
2.418346905182999773e-01
-9.480803121456904403e-01
6.256648719064354935e-01
-3.691978828858011319e-02
2.984042715465093920e-01
2.265993321328432231e-01
3.497955079991510452e-01
-8.122574524665731044e-01
-4.613544389335344498e-01
-4.247122420927362807e-01
-5.238604398213675406e-01
8.232815025299606848e-01
5.743925155335714017e-01
3.431118509241597447e-01
-4.364686260835675125e-01
-7.023610306616785426e-01
3.064858718082061895e-01
-3.513195596071660987e-03
-7.167164367400324920e-01
5.359659511988954517e-01
-9.720175448127883477e-01
2.966759794367130887e-01
1.090436357790338651e-01
8.973392185434549972e-01
1.972520110940054749e-01
-5.362076804482069914e-01
-8.511406704144452995e-02
6.588878058278404559e-01
9.227859346559914577e-01
6.405112627586924123e-01
6.523639392303235418e-01
-6.270584405630286184e-02
6.523906090864557417e-01
-4.328246348871838123e-01
-4.291328236870604051e-01
-7.912195141547462285e-02
-6.916264576176367473e-01
1.510772942436080513e-01
-5.858080473569646784e-01
-3.529535305871689399e-01
-4.619828596711930135e-01
1.816559162621860235e-01
5.428671479587530158e-01
1.914077540888035056e-01
4.662454221275669219e-02
2.697937588028820333e-01
7.082434086057651790e-01
1.428823776413656876e-01
9.811874652899315041e-01
5.133747582541412502e-01
6.555475312024117152e-01
2.158020147089909635e-01
-7.802657154176853016e-01
-9.629700096569675516e-01
-1.714924737405016941e-01
3.028214883035049709e-01
7.586071287761158022e-01
8.209680407038408845e-01
7.216436437494888612e-01
-7.178608379240893900e-01
-7.123812989623878877e-01
5.470171727496455638e-01
-7.875060585555624382e-01
6.142874043798598471e-01
-6.953823128613767501e-01
7.505533294295712032e-01
3.205699786652660421e-02
6.007390808427268691e-01
-3.198762754082373760e-01
1.189416991047769212e-01
1.660611090513115506e-01
4.391379352699842364e-01
-7.460479808863320628e-01
-7.155709194840089715e-01
-5.159087693472923508e-01
-5.730655542575853190e-01
-5.494874357539814014e-01
-6.515136790531192990e-01
-4.963206193388374210e-01
-9.818189253970792674e-01
-8.944479079808029809e-01
7.306244804775019475e-02
-2.061929702467535375e-01
-2.190985344881022368e-01
3.154025250713519135e-01
-2.472448763170420616e-01
6.811101352770099204e-02
-2.442002324644436673e-01
3.933190836468014595e-01
-4.790753487547105838e-01
8.196044608197532444e-01
-5.101493662030629483e-01
-8.006000909190296166e-01
3.337071109886307063e-01
-3.052278172204689888e-01
-4.698063728506376435e-01
6.775431740103912137e-01
-2.261791298006814444e-01
8.533028051222955046e-01
5.520948633324085364e-02
-5.153624788417188185e-02
-1.827695272017988426e-01
-1.406569839223277274e-01
8.742346036594268455e-01
9.176415594445377355e-01
-2.230738743430205062e-02
-5.493402381659266975e-01
8.460988501229860237e-01
2.630105083135616528e-01
7.411230803202242257e-01
-5.200671941871024551e-01
-3.680950117432169044e-01
-2.786507521637864304e-01
8.087668036100703617e-01
4.991002550597445353e-01
9.532444486710269782e-01
3.593234985163400452e-01
-4.118369049573691321e-01
-6.930163301347280758e-01
-5.341178011578071594e-01
-3.968851100692134537e-01
8.876135920474226282e-01
6.283728344408299193e-01
9.570595673668560455e-01
-2.358595043731634977e-01
-6.084941204498557354e-01
-7.004521557404348453e-01
-2.800081205944209284e-01
2.283572721939153283e-01
-2.912071791127002207e-02
4.548710400468944925e-01
4.718376521131852908e-01
7.807501467073387769e-01
-8.554083481298517810e-01
-8.020999135094042387e-01
-5.464161880145894656e-01
-7.448581708676162982e-01
-6.556061834545692246e-01
-5.680180345811758347e-01
-2.912537565168402676e-01
8.728820501500151874e-01
1.968423959648466504e-01
8.464313655407815773e-01
3.119007481239246538e-01
7.771390161634446070e-01
-6.424892013657379497e-01
-5.949887332382242100e-02
-5.798735698632890845e-01
5.376590211201863756e-01
2.099356711601232384e-01
1.062014949000920083e-01
5.114757604705046923e-01
7.279091263983497040e-01
8.115470503338140240e-02
-5.740164438578632122e-02
-2.235914933791161019e-02
-8.168850767335389396e-01
3.581466333985254824e-01
2.785911444307278551e-01
2.689348432584881543e-02
9.647468213596628317e-01
-5.669913282641858565e-02
2.397354002853604449e-01
9.615100128953943948e-01
8.043400947627721287e-01
-8.978045601946071930e-01
8.467955631649821679e-01
-8.459698398254291707e-01
-6.276157469942096334e-01
-7.665750012717873485e-01
-6.617224689243441649e-01
-8.365586984077175714e-01
-2.757380637497774956e-01
8.289625980636827762e-01
-4.359025328685721679e-01
-6.454885722387446734e-01
-9.963839042790816336e-01
2.334146838941864033e-01
-4.475405398520637679e-01
-2.466877964134974732e-01
8.732514862640103903e-01
-1.703488120948999374e-01
-9.261010114081036360e-01
-9.459736089645673918e-01
-6.595367168416055303e-01
1.385556084989909564e-01
8.901857227903915426e-01
9.238802272139092775e-01
-4.914986688015263727e-01
-3.305177547572084595e-01
1.423954642019564787e-02
1.380432314743860189e-01
3.267420685654054413e-01
-3.879604562729734862e-01
9.936744001880957189e-01
-3.466481372497531854e-01
6.688597835571485906e-01
5.575933783940194566e-01
2.757650020151845016e-01
4.434993475995625545e-01
-8.115915637904591584e-01
7.526081155950452573e-01
-9.234545454379559093e-01
1.491725678243018827e-01
-5.397438323399383897e-01
8.864417482466286913e-01
-1.249928129730881743e-02
3.668369773545834267e-01
-1.775091501006991201e-01
-1.622173221787841513e-01
3.670701477075390962e-01
7.041880214445594977e-01
2.235741759275298168e-01
-7.431205340964583961e-01
4.744349339218425499e-01
6.627388113562580063e-01
-3.251953971421368550e-01
7.152886128558935130e-01
9.428407318441780482e-01
-7.052799619722767144e-01
9.163707356459342979e-01
-7.123919032278114294e-01
4.079831997368683627e-01
3.547456660999890321e-01
6.292818796315529095e-01
-9.037261180841549280e-01
-8.970804874194837630e-02
-7.302137012240241809e-01
8.400878231914894467e-01
4.021964669876922915e-01
8.372260251360286176e-01
7.093643630702379799e-01
-4.253419514799461343e-01
