-5.774436492379297903e-03
-4.125880147474099147e-01
7.419143787577027194e-01
-5.104923818652880030e-01
-5.750513789159612532e-01
1.526605607345095095e-01
-2.513481980040297437e-01
-7.449800103671884166e-01
-2.305748289128302098e-01
3.306341446916671867e-01
8.074153359551086151e-01
-4.762081582982922168e-01
6.328275081807575031e-01
-4.727495106833483618e-01
6.274562708190345450e-01
7.655274877043924953e-01
8.374241087845304410e-01
4.913895155490797251e-01
4.720599795045679059e-01
8.061068433160789581e-02
4.812372712824453114e-01
1.186213119896539769e-01
-6.038509441107673403e-01
-5.417092858214678230e-01
-3.703641776068717917e-01
5.419230958930620901e-01
1.350510560802908877e-01
3.186793346344420907e-01
8.398154703724505232e-01
-2.898872068381850298e-01
1.744019133041156966e-01
7.368031682817743899e-02
-4.601218989968569595e-02
9.181824529853512828e-01
3.518909420636378016e-01
-6.680872875747325690e-01
-7.622415882422879374e-01
8.593651190704949538e-01
1.453253984943569943e-01
-9.196499224886927060e-01
9.025792371966483429e-01
-3.460150257462490941e-03
-5.372619171072559041e-01
-6.471179796058728062e-01
8.756236653011897353e-01
-6.699400098345342780e-01
-6.534628344596735694e-01
4.144978381555997071e-01
-2.645374553035577669e-01
7.037529931291877094e-01
9.276510535658692991e-01
1.383374756931783356e-01
2.573186683948827103e-01
6.950908218946514339e-01
-6.695639512802316062e-01
-2.244082668117755031e-01
-8.573286167618983100e-01
5.432690067542900181e-02
-6.070239752929706967e-02
8.639939093589450447e-01
-3.057576434706195112e-01
6.629094825419483694e-01
-7.127503062198805583e-01
9.789609907289880120e-01
-8.413500542340694999e-01
-8.533506295332333735e-01
-7.782766564831722356e-02
8.003939390986551938e-01
2.133666989646381129e-01
-8.969339947187884299e-01
-3.495022619352403659e-01
-2.408996366186699767e-02
-6.119995332711201108e-01
5.418412539896328983e-01
1.439462475970085809e-01
-5.802275234639964197e-01
-4.557536581444865398e-02
6.137190273436923249e-01
-1.709336533267453717e-01
-5.462210926179125181e-01
-1.283117139472711443e-03
4.703710606310815834e-01
-3.559178505974394113e-01
-6.380141699116979037e-01
-1.603072923199122535e-02
-1.893681157177251606e-01
-4.345079506436855254e-02
-6.393147704866652958e-01
-9.186530337618350472e-01
-2.926696225123843753e-01
4.898997538163221144e-01
-5.622646924990535311e-01
-9.849565188535902571e-01
-5.723007527850429987e-01
-5.336758014562010821e-01
-5.538464742708026911e-02
-2.255414148748291492e-01
7.216300231285199818e-01
6.986819144736504672e-01
-5.054644016143168272e-01
-3.843372371020217226e-01
4.553605874893258409e-01
2.103995707978456586e-02
8.122817280087508696e-01
-8.517328460070192619e-01
-5.494738536161671849e-01
-9.268252493999147301e-01
-2.529159554588540360e-01
9.301973933318750110e-01
-1.589470534474617391e-01
8.535264931242552144e-01
9.451853297491852324e-01
3.307728612354103870e-01
-2.186360378488869660e-01
6.226098544427802750e-01
6.007310503892557829e-01
-4.874891541084394042e-01
-1.503287321998183490e-01
-2.060058664102646375e-01
2.016286986448267982e-02
-8.961014978795913688e-01
-3.757995673632199551e-01
3.170840111110457826e-01
9.208437211102005193e-02
-3.074278580170639597e-01
-9.002906196086346569e-02
8.767596862169988459e-01
6.877294879305742015e-01
8.377863855708989060e-01
9.353823740618354421e-01
-8.491800621061456056e-01
7.374370171373030303e-01
-4.407718567527862952e-02
7.690061380716117778e-01
-2.988704575834497668e-01
2.545915907255791311e-01
-2.016310767793665359e-01
-8.359870164888631994e-01
-9.333482791447109683e-01
1.062378583105969554e-01
-7.595809716727950356e-01
3.831175254227230376e-01
-9.521547442869420230e-01
-9.870316546534239066e-01
-3.255896760371137511e-01
-2.420080724356754587e-01
-8.353563093776539272e-01
-1.049986102227944418e-01
3.769636141924084249e-01
-9.041172880482741814e-01
-7.280014060559085731e-01
-2.815605470309889835e-01
9.392957785383182490e-01
5.201100135360099408e-01
-7.923810049534474320e-01
8.897396536449830862e-02
-3.518951682385438318e-01
4.486355423789505359e-01
-8.911862290021654864e-01
-8.070730150605018860e-01
-8.030923054715972675e-01
-4.803675203140775896e-01
-3.786692890667098244e-01
-8.648890437981422430e-01
1.698304313883971517e-01
5.313804464366436164e-01
-1.901132397211260372e-01
3.248248796215464917e-01
5.536338060988976739e-01
-8.877550085665877333e-01
2.481463635803149437e-02
1.018563281376079210e-01
3.625911337097849074e-01
9.529550644011375304e-02
7.903917316341011468e-01
-1.229253859196517418e-01
6.431593867067246784e-01
-7.778104212335772427e-01
-6.921709656652943465e-01
-7.702162869783759636e-01
-6.660507596064089153e-01
-3.644467260563333255e-03
5.413408835795752161e-02
7.370728040837661865e-01
-9.652554466104601438e-02
7.425767708889401408e-01
-4.916402745354953030e-01
-5.834516435904715248e-01
2.707039176299215200e-01
-4.438929042841122108e-01
-7.138036438957220398e-01
6.370842689567495221e-01
-2.345487528457745885e-01
6.995735418769373215e-01
-2.213568110442634129e-01
7.925512775783589703e-01
4.318763217378207564e-01
-5.202289210183612678e-01
-5.414765151287439515e-01
-4.609874860775000638e-01
1.925103260043052877e-01
-2.765611593516963396e-01
-4.263425104911819918e-01
-8.566364411788567335e-01
-1.421635657762085891e-01
6.441506749780390173e-01
5.075525251008874417e-01
3.974677306855405323e-01
-4.629145556559797203e-01
2.361195707977203906e-01
-4.684631687295781610e-02
-5.113777027331005698e-01
2.358786857289660865e-01
9.574676729830249311e-01
3.913845167290534999e-01
4.926741718728409047e-01
2.258848577587884154e-01
-3.560621242509021123e-01
-2.737268348449932720e-01
-9.312644616030174571e-01
-3.911422582123555980e-01
2.061033153791613781e-01
9.378257862740440043e-01
-1.416857420059247641e-01
-2.692424490255116432e-01
-5.769619017460443366e-01
-8.141208716792562861e-01
5.906895432543048940e-01
4.722077767834444995e-01
4.577143387771778205e-01
5.662981175014047963e-02
-3.694028883066415858e-01
-3.116158559360946434e-01
9.593253360422824283e-01
-7.496185532749664038e-01
-1.056710898243471419e-01
4.801086635306304196e-01
-5.153196411823879330e-01
-4.229049019944985943e-02
5.034621870746800454e-01
-9.059530546455722977e-01
9.130217428094917764e-01
-1.139006750772830756e-01
5.000227597123327872e-01
9.889211909735500239e-01
-9.736659113870516080e-02
3.336945543583176299e-01
-1.082597352689169679e-01
2.160174237482364035e-01
-2.969291240870246540e-01
-1.593435798166886741e-02
3.867628512026686227e-01
8.586530660447269092e-01
-1.784109837349838745e-01
2.053354259106812130e-01
-4.452042606724033735e-01
-7.191482196813849814e-01
2.049833314887552493e-01
4.998000907368869150e-01
-7.571831431263684742e-01
5.211687621757226108e-01
-4.231184822628701880e-01
8.921223864589507002e-01
-2.861902078401978855e-01
2.934279710447018630e-03
