8.417878783297991774e-01
-8.984496021901109408e-01
-3.256296359868458001e-01
-6.013455888743892697e-01
-8.069741466732529567e-01
4.420401372895352843e-01
-7.457702842204416704e-01
2.451846746933514787e-01
-2.827832209741869551e-01
-3.154234665947177607e-01
-1.633978109113336519e-01
7.293854506330599285e-02
-7.948020596183416053e-01
1.136313500859471581e-01
-8.998978461787736638e-01
8.155004963379905991e-01
5.931048125079292355e-01
-9.318912055603842948e-01
-5.631197904967977230e-01
-7.601203265031064582e-01
-7.531209385109716159e-01
3.830183728020253309e-01
7.499619553302778741e-01
-6.982891786995886196e-01
6.473414161141501921e-01
3.347716792898673965e-01
5.011432629725796062e-01
-2.574171255851456230e-01
5.371908484254548366e-01
3.727592107094368501e-01
-9.319923869075796841e-01
1.149307191078694501e-01
-7.472508328602365246e-01
-5.818398685638159762e-02
4.783316272635929067e-02
4.800789934070202047e-01
-9.757606584862599242e-02
-7.189297017834022085e-01
8.857936310999956486e-01
2.768584710461574616e-02
6.634321245748129314e-01
-2.467439099086887744e-01
4.200867839645290314e-01
-8.511537683885048722e-01
1.088502278628769027e-01
-5.084368567275439066e-01
5.677445535943581589e-01
5.886839806015380372e-01
4.205813722059863480e-01
7.181916198268134544e-01
-2.996920143168220196e-01
-3.200843373120187962e-01
9.006678084088699521e-01
9.304445611992240295e-02
-1.741965618102356839e-01
5.467603143610282324e-01
2.341447049139404601e-01
-9.971581041049826233e-01
6.405769815167485781e-01
5.259144664779680234e-02
8.044411559465567407e-01
-4.835994969496055784e-01
8.912075182830416775e-01
8.069016308906880042e-01
-3.885201077579769624e-01
-3.651259680024085963e-01
8.013679822023711541e-01
9.891101670637891807e-01
2.251929183030350057e-01
-8.093100766496905685e-01
-4.453012205156916536e-01
-1.647661110777232096e-01
-7.027708612962608736e-01
5.495985089038428750e-01
2.892131866162030995e-01
-2.795551643298763711e-01
9.252298212225964491e-01
-2.050135698715780386e-01
-8.173945137682474549e-01
6.116748338885731329e-01
1.203080890334196074e-01
-6.265778876624592542e-01
-2.226898313542609031e-01
7.693059863885063354e-01
-2.080428775347704651e-01
-2.428072437678159279e-01
5.487340844454584587e-01
4.288395318126740907e-01
6.925920938685758976e-01
7.851404437198727937e-01
7.366558812701160530e-01
-3.996038725907951061e-01
6.260461280984721544e-01
-9.956114405078575480e-02
-7.389832558935607310e-01
8.921209318148159984e-01
-7.270909938712173393e-01
7.614239406512357533e-01
-7.877938588795470043e-01
5.594769110432429304e-01
-5.882725833288644512e-01
9.717939745565100651e-01
4.271886405714537815e-01
2.758802656588623670e-01
-1.946847535987326072e-01
-6.766505673347837924e-01
3.252671204378236869e-01
-9.638948212693787543e-01
-2.299873595472219368e-01
-8.469031184746620422e-01
-3.633825315275909240e-01
4.546489535104083490e-01
-4.905058291757999900e-01
6.568637444423928162e-01
4.323662566132935314e-01
4.625985749789123247e-01
1.485471067097219322e-01
1.326756126777006717e-01
-3.053047768487544555e-01
2.531693451875709489e-01
-1.035694720446713735e-01
1.517058262802195578e-02
6.089438166976488542e-01
-4.007850620216162341e-01
-2.651833360862330125e-01
6.453313504064552841e-01
9.730520641730016074e-01
-9.418284270508940903e-01
2.801496696356409188e-01
9.457953739538531579e-01
-9.286450890590041141e-01
8.242334930163575102e-01
-9.248510347372378426e-01
8.508683668451919591e-01
5.711863531461620624e-01
3.376227373842228818e-01
3.476741433745536014e-01
1.910808662129677149e-01
1.790667561858456658e-01
-5.900285964884697254e-01
-5.125775898366204952e-01
-9.118853694286435108e-01
-1.956824655264681745e-01
4.810853111827244621e-01
6.269555111363771527e-01
7.028937091119764613e-01
-1.972541846963717926e-01
-3.021132438751066296e-01
9.695921649943941567e-01
9.001837129150296324e-01
4.661121933398775230e-01
-3.406532086227509470e-01
7.022224736907061171e-01
-5.617169225655669340e-01
1.666357269852893896e-01
-3.721683522100898145e-01
-5.498260869816078422e-01
-6.222956665738310633e-01
-3.477884434864548791e-01
-7.911478773646301033e-01
-1.475436243667080927e-01
9.509516803715538646e-01
-7.274513040938626052e-01
1.097792744493231165e-01
7.888352046025270958e-01
9.135044594000223395e-01
-3.733581626009550014e-01
2.126221574231141886e-01
3.140071819655141372e-01
-6.842696005234840673e-01
6.893458595294688074e-02
2.991456786299504511e-01
2.542944291408584245e-01
-6.867959434666803809e-01
8.691095042169096896e-01
-3.233645570535301772e-01
-1.602272598507905599e-01
6.329997855602469414e-01
6.689130598165708985e-01
-8.030893561092216082e-01
9.872890924981250205e-01
7.032242205004866076e-01
-1.937132552783846773e-01
8.433954294975412047e-01
4.645917100193990290e-01
-6.865651100798280115e-01
1.804655874522360648e-01
8.626137080516302902e-01
2.355392940872504948e-01
5.426670569310241277e-01
-4.475269127575598471e-01
7.441643976320431175e-01
-8.649223337012457158e-01
6.010009979014405701e-01
-6.302799063600574847e-01
-7.195408001610557047e-01
9.528232393358559982e-02
9.177151410312467394e-01
9.615878017125905064e-01
-1.683502838998751638e-01
-8.481398990365347501e-01
-4.054982722252520322e-01
2.789507915567726037e-01
7.672039978260503101e-01
5.917902576457412245e-01
9.105418221692860303e-01
3.977934192550669490e-01
8.446430700324227825e-01
7.208988037071883959e-02
-1.086107473287944991e-02
8.432716544595053598e-02
9.249105361527476532e-02
9.063387734829411180e-01
-6.321179397475824580e-01
1.138088950220652595e-01
-9.175721022012881534e-01
-9.780105077326386454e-01
1.857995668957579394e-01
7.489616611784655209e-01
8.679806506751861495e-01
-3.627799732977627922e-01
3.646404129223352886e-01
6.340671501837202850e-01
7.744451368673568314e-01
-5.734616933634226754e-01
-9.112955586854261103e-01
-9.139349267843854818e-02
-7.249270550805515523e-01
1.469808415631845833e-01
2.964841589124960208e-01
-8.764063728002644549e-01
-8.267821732098421528e-01
8.452346304869124971e-01
5.672159140888790585e-01
9.418840613036316700e-01
-8.460311305344554444e-01
6.993761996626000066e-01
-7.351894876832836268e-01
3.104029155605259049e-01
-4.691027380792427426e-01
4.721655395874591044e-01
7.086809120986528043e-01
8.136704623530335301e-01
3.626083908951514001e-01
-2.063053485742545323e-01
-5.700996489917429244e-01
-4.527468673449746017e-01
2.998882351730673967e-01
7.853558430697717974e-01
3.362923483330457763e-01
-7.191198418054398633e-01
-3.951072925237053557e-01
-1.905288486930696301e-01
9.013888991238183657e-01
4.520769374088984272e-01
-4.061495353539574804e-01
-7.685779930617251399e-01
9.401091618686225893e-01
-8.780932105729972736e-01
-8.292570734727677806e-01
-7.464740902051740790e-01
9.696455566486161803e-01
-1.797574997094339988e-01
-8.623967288785929775e-01
-3.355535079896998507e-01
