-8.901403580029112472e-01
7.615463944259197593e-01
4.089782138201252248e-01
-2.893979575410998706e-02
-8.213578236214766903e-01
-8.445793161892534151e-01
6.469634615686479240e-01
-2.877305322001346699e-01
-9.876302239956518125e-01
-3.778228504335887639e-01
3.054995786542114011e-02
-7.629010876369610727e-01
5.316800122998937006e-01
1.898731750021664944e-02
3.052297339519327579e-02
-1.431300760724216747e-01
-5.828394678585180344e-02
-4.825172060433682297e-01
9.206851313993711372e-01
-4.012619678078666041e-02
4.827537661804968128e-01
7.762060485269350885e-01
9.322344979227357165e-01
-7.404334110803976188e-01
-4.196949832437122385e-01
-6.894029861952744032e-01
-9.535835800261867057e-01
-1.483777528997989315e-01
1.794110335749954377e-01
6.417947385898608026e-01
7.997634462841394232e-01
-4.259743637347619405e-01
-5.243037006178785653e-01
-6.565270823209123918e-03
7.350350748917844346e-01
2.389607228724894838e-01
-6.578235721020078142e-01
6.434338029056014818e-01
3.332792835670930209e-01
1.071949015032815922e-01
1.317863769290144038e-01
-7.800528471938534825e-01
-8.340158354861555434e-01
1.375531250588359899e-01
4.516018433340032168e-01
2.057700442110910188e-01
-9.788663330687938924e-01
6.470428499753846374e-01
2.275427072589280009e-01
7.699830576580177777e-01
-2.621446833147260680e-01
5.556773250047584156e-01
3.029576864249585721e-01
-8.760476120497915353e-01
-7.095224139537550379e-01
5.322979999253418804e-01
4.607435860323292331e-01
-5.965799341319188986e-01
6.555151038950581821e-01
-8.037685818489088696e-01
-7.462044472721831578e-01
8.774000884362456176e-01
7.070049653169963033e-01
7.954624951752802264e-01
-3.434027034975031256e-01
4.066217357315582426e-01
-6.059999383059979650e-01
-4.328764947492518278e-01
7.552473041218530359e-01
5.139733611346415376e-01
-5.834644179143841924e-01
-6.742625770662280527e-01
-2.791729817778056955e-01
-4.033760890054693959e-03
-9.344962350962264797e-01
7.660995224397271208e-01
-1.185301125712099335e-01
-1.879996825410727990e-01
4.390508097948109256e-01
-9.126639575416553019e-01
7.739268272233663648e-01
-2.732934656756822456e-01
4.440941368571200698e-01
2.500890964845097209e-01
2.110778446713847956e-01
5.750082081433596226e-01
-3.292812158950950696e-01
-5.624924024599038397e-01
5.852312620952975220e-01
-8.041049710841168263e-01
-7.312250824749295663e-01
-1.224451632419205627e-01
-4.438306468766637369e-01
-6.597516401157488275e-01
-7.807053946260322785e-01
-3.284951897679917465e-01
6.324156566099363719e-01
2.865666919654696887e-01
-2.394684269158684486e-01
-8.647151623719031566e-01
-4.169117246583067260e-01
-2.072944117956385668e-01
8.082288843216225427e-01
-5.420907297371242439e-01
9.057068452268643988e-01
7.386633463447414005e-01
-5.559216025081743506e-01
-9.805374838058225073e-01
-9.271155977605400889e-01
-1.623481856703568038e-01
8.785250858797311047e-01
-7.045280193923975087e-01
-6.113084263347334790e-02
-2.281887849923023293e-01
-8.693536651887776578e-01
-5.303584636652347584e-01
-3.914335368751618027e-01
2.244611418947339843e-02
-8.662030014950721224e-01
7.151916890690517281e-01
5.644730879500068355e-01
1.784900138961822424e-01
-2.451360887894398211e-01
4.371975102543481650e-01
-2.143540410781963335e-01
-9.173765165815472855e-02
-4.424952307080094460e-01
5.896274664137934884e-01
-9.452481801892702595e-01
7.873343684677382992e-01
5.422838208487248401e-01
-9.302186993264789372e-01
8.852468512238906850e-01
-9.496730943626043864e-01
2.606261029782788174e-01
-4.474120134210195499e-01
1.694347695091191763e-01
3.643123481480747827e-01
1.543551629142096981e-01
6.965163578498885233e-01
3.300313802082988079e-01
-4.385310731806661977e-01
6.783149887464006156e-01
4.994253542536337687e-01
1.441389908085088933e-02
1.069699069542160430e-01
-1.830922823512926012e-01
8.782863440994930215e-01
2.766508322975980150e-03
-3.490239533462458077e-02
-4.242563192870096866e-01
-6.723421734852690346e-01
-3.524816122719400813e-01
5.030249657904100058e-01
4.870644204195067051e-01
2.619177352302768380e-01
-3.875067005003298704e-01
4.069498031645957248e-01
-1.107476715200490514e-01
4.151840502546693124e-01
-5.504962055160280698e-01
2.892197333243893276e-01
-7.383400719313151228e-01
-1.720531996386722717e-01
-8.649607728780888127e-01
-1.020360624773952729e-02
-7.080853805709743654e-01
-4.728046734379087734e-01
-3.614150624636385256e-01
2.124582725438295405e-01
2.342488486696618910e-01
-2.773071401662781099e-01
-1.576595348367282323e-01
-4.833023260426521084e-01
-3.206483004624707256e-01
7.683579782993499308e-03
5.329668977539268049e-01
9.944005623966682972e-01
7.578932067111574522e-01
-7.050576680446081212e-01
-1.337683885983216303e-01
-6.672931241365009924e-01
-8.223407123530424023e-01
5.022847547347433217e-01
7.180282655451486473e-01
-3.319771769255930316e-01
-9.553900814102349592e-01
4.379556882959212416e-03
-1.491077341794788680e-01
6.360617830698469533e-01
-9.294048791869802262e-01
5.756852274863171193e-01
-6.098367803006279342e-01
4.645499967269963726e-01
-1.848206225857995655e-02
1.808613297570507150e-01
-1.860104515875478093e-01
-2.644148276486040228e-01
8.911138226828811959e-01
7.017780238169359919e-01
-9.115142161463796189e-01
2.870603507315516723e-01
-7.375139447550063121e-01
9.789373036142758888e-01
1.682317456632391739e-01
1.240222371626074072e-01
-2.571012558579945928e-01
-5.551050032980804350e-01
-8.598094248313803423e-01
-8.568070511142227286e-01
-6.048873715763409820e-01
1.851276468755171933e-01
4.010329310127027647e-01
2.376148987468609253e-01
-8.506219834062980212e-01
-4.228577383131120193e-01
-2.611478367826964853e-01
-1.422796951371916307e-01
-3.462923923315071040e-01
5.832527474205850826e-01
-7.167718871709067852e-01
-6.112504428176703808e-01
-7.182318799305251744e-01
-3.007020895895795576e-02
8.128759793594420024e-02
-9.894157406507348984e-01
-9.157505493617186243e-01
-4.687791585199281297e-01
1.173742322920992009e-01
-9.462507290637813817e-01
-8.508921517950085445e-01
2.045641644636098100e-01
5.298892456549637586e-01
3.281973295245248501e-01
9.136467992047483389e-01
7.299004555629122759e-01
7.694555232020310331e-01
9.793666572723631614e-01
-1.665818173574549199e-01
7.778684691065831380e-01
3.097815346009242798e-01
-8.494355427428204042e-01
2.583557474368651796e-01
-5.332196937800648406e-02
-2.637199052596226334e-01
9.896349335344662990e-01
7.254573702844284711e-01
6.225384635186095306e-01
-5.495235760651202561e-01
1.259455113402425663e-01
-4.095545592278526659e-01
7.657224408572205210e-01
7.394369044930644286e-01
-3.162808756397226251e-01
3.080197096299597259e-01
-4.350652631559408512e-01
-7.134343531966775842e-01
2.520924053541431231e-01
9.163509588929745764e-01
7.470019339158409100e-01
-9.430438222369472712e-01
-2.528116605966514996e-01
-3.940934456002940234e-01
6.494203490592942440e-01
2.309476883505769962e-01
