-2.663717186253267144e-01
-5.404105865448609602e-01
-7.622132676667581208e-02
-4.155405363180135758e-01
-6.520468491722308801e-01
6.586879316380340743e-01
-2.454522593392074459e-01
9.988326548697037399e-01
2.712409243474045439e-02
-9.402568590411195526e-01
1.418869779622513594e-01
1.291414801101706811e-01
-6.664537600571804887e-01
7.015598025194742515e-01
8.206872891917593726e-01
-8.840680707118848680e-01
-7.641505848483072239e-01
8.544464760371675016e-01
-9.789897796755082648e-01
3.624421975809783980e-01
-1.592438602514893997e-01
2.423244044101788841e-01
-8.983403672082046487e-01
-1.473685981768926290e-01
-4.278618182279079196e-01
-1.926967384030733310e-01
4.666586209574334898e-01
-4.026910200616629076e-01
-1.908288022737132383e-01
8.358908832861420279e-01
-8.338573507573630028e-01
-8.786729373980788349e-01
6.676108006054417565e-01
-7.483736363011446180e-01
-8.012716552644845169e-01
3.653914064819296925e-03
-7.478324534248896871e-01
-1.884227952943970941e-01
8.466416063711905693e-01
-5.089659637015304661e-01
-7.925841888620508424e-01
-9.179395417939053559e-01
-3.562595432586888045e-01
4.277924675589368508e-01
-3.882159652336716338e-01
4.020300747944229869e-01
6.588852026986016241e-01
-2.468604940412273407e-01
-5.922173838659505751e-01
5.883621225631467944e-01
-1.901968536010976152e-01
-8.249491929297145809e-01
-1.569339467226842366e-01
-5.683350232510246958e-01
-8.381204814465292863e-02
7.656759996668323076e-01
-9.568123416346465682e-01
-2.291736526824104114e-01
-7.410330107231191121e-01
-7.329772820607336481e-01
-6.111801235172966695e-01
-4.342563678291591067e-01
6.483885380132443643e-01
2.686206919426679107e-01
7.274149279103925281e-02
1.868225615183092270e-01
-1.386075106826689662e-01
4.834959422553009034e-02
9.656854348655019571e-02
-8.531551799230767674e-01
7.450270793173929817e-02
-2.648293713778713254e-01
-1.579986392753935931e-01
-8.191497258581343921e-01
-9.078504572476686629e-01
-8.248500820210413753e-01
7.089291927177361341e-01
9.401898365836747207e-01
8.034057229812496814e-01
-5.636426471922586501e-01
7.059574517521571835e-01
1.745920931030982004e-01
9.569884909618817659e-01
9.498585934479577553e-01
-3.859722441022870321e-01
-8.603698729677622392e-01
-5.341229847221247162e-01
-4.707734347775729411e-01
-3.105716020381921183e-02
3.190646098989424750e-02
2.643424102812528265e-01
-6.307810213727889082e-01
-7.386306206779336136e-02
8.631781234038748973e-01
-6.459464941664558868e-01
8.718560648668911561e-01
7.161770888616887376e-01
4.394500451600804602e-01
-9.477577503776413170e-01
9.433248538331686639e-01
1.717082524608022354e-01
-9.284776076461573879e-01
1.873166498588851869e-01
-7.917382679734592532e-01
-4.683562523534869904e-01
7.727807013376073453e-01
9.761604856700174526e-01
-9.470321230195422046e-01
-1.351028833580745214e-01
5.026578265286143488e-01
-8.981606005071303134e-01
-9.253158540786101671e-01
-4.984643666978185728e-01
-5.070256614569317311e-01
9.718255073565977842e-01
-5.706290094546861980e-01
7.927149100224033518e-01
3.202042752121398994e-01
8.580480279287268086e-01
-2.334939727675928722e-01
1.115383151319646604e-01
9.220892685323134330e-02
-9.530795621301386689e-01
-4.515013542688341985e-01
8.508107060011012024e-01
-8.882610036378990603e-01
7.120936130539956554e-01
-6.174411318407628801e-01
-2.827673874180003377e-01
-2.041644836683382813e-01
6.657844418485570070e-01
1.604943904355884410e-01
-4.202287880289889976e-01
-9.347793582757990549e-01
-8.222350450870667959e-01
-4.468510219619938884e-01
-3.307818051302779949e-01
-5.854260273312235086e-01
-2.553004717454561145e-01
-8.390234693672189437e-01
1.021036226003861902e-01
-5.565436016767697502e-01
7.137500658005677678e-01
-3.689250155486645255e-02
7.967224648975403944e-01
-5.723812534357941573e-02
5.203458566602894297e-01
-6.947336442181757388e-01
-5.684346535692446079e-01
8.031305473072836154e-01
6.776492061727257266e-03
8.253542271606619796e-01
-2.222501345072647183e-01
-9.956367694325602979e-01
-6.158497866928047682e-01
1.371964360446065179e-02
-4.567670071804872389e-01
4.925644986003541170e-02
9.597416590042628926e-02
5.265822707646967693e-01
-2.480039304634205077e-01
4.268229795706579566e-01
-8.529259111453999509e-01
-3.016124213619768568e-01
-4.040626408357206323e-02
6.630072055685776178e-02
5.762396632428776755e-01
9.302374477236055039e-01
6.309643330590253285e-02
7.169956069283456301e-01
-4.547083008520269587e-01
-5.426229320983682047e-01
5.228248777903785616e-01
-6.189493025576100482e-01
3.314077482135502351e-01
2.066693626425644137e-01
5.128763819982080641e-01
1.853135491835260495e-01
2.914623716848541157e-01
3.132509140499697420e-01
8.900256506611905483e-01
-8.881871944389048146e-01
-9.759253193652925873e-01
-6.306043207131863948e-01
-9.183772428528271803e-01
6.164400576254263076e-01
6.817325369863127538e-01
-9.509584548269636173e-01
3.222398500716452396e-01
-5.794111146444842486e-01
-6.338852026814432161e-01
4.256241357927323943e-01
4.266980680123904079e-01
-2.746460094102571858e-01
-8.728217063667620401e-02
-9.966000781592492253e-01
9.731932065862385350e-01
8.401126073775113667e-01
-4.627945266664288404e-01
5.619228287745103856e-02
-2.859319072560642105e-01
-7.454095616917824074e-01
9.621391796707321475e-01
1.367960120952229630e-01
-9.662804699264349040e-01
-2.151160179151001550e-02
-7.674733611994362104e-01
-4.652076085639054170e-01
-5.309722663163787271e-01
-5.207078187758495957e-01
-6.356895326966067739e-01
-2.959964506124508343e-01
-2.261215977545845135e-01
2.415649758623485965e-01
-5.996596403052434354e-01
-2.446395349259633534e-02
1.119015957705882247e-01
-2.199720545966568075e-01
9.537114094171423861e-01
-8.779696951038082897e-01
6.870592502253627387e-01
-6.792759910413839197e-01
1.024113736353058357e-01
2.530559740008337943e-01
7.150212453693485237e-01
3.451374753080507229e-01
-1.542535491445593543e-01
-2.565962657560914018e-01
1.787631075234836775e-01
7.682072789202996077e-01
-1.823290706570164232e-01
-3.785781321433649982e-01
-4.176968867970740629e-01
-5.017281627026923818e-01
7.971369759588764481e-01
-9.043078303794380712e-01
-7.161003178129714541e-01
4.347149117752879821e-01
6.216892445463091388e-01
-4.412482961353687561e-01
1.037012306078830548e-01
-5.941306396122882916e-01
-2.003630374353631005e-01
-4.342118533972063599e-01
3.853171552956633494e-01
6.668156548736492439e-02
5.545180760224190930e-01
9.093089773389591013e-01
4.630915350624151827e-01
-1.007032031751187162e-02
-3.368789189272065610e-01
-6.086678445028042006e-01
-3.625329421798435536e-01
2.236644139134043030e-01
-5.699215788576632580e-01
-7.942174015394345421e-01
8.790476091532584135e-01
4.835335321788210017e-01
-5.090030289117306594e-01
6.933576457960912709e-01
-1.827237815663149689e-01
9.920376646154926981e-02
7.883664631199847062e-01
9.809195079200192513e-01
7.051050249037762452e-01
