-5.732898999578108779e-01
-5.290492232376711179e-01
-4.878372005248410304e-01
-4.582285638415137807e-01
4.865784348161024120e-01
-1.909201820693198215e-01
-9.702714491620219039e-01
-6.487234111410320470e-01
7.684172490222274110e-01
-2.970272505290358911e-01
-5.989919366274887302e-02
3.591859215115615900e-01
-8.866122091508743530e-01
-7.033311252251710499e-01
-5.824840799861126239e-01
9.242797925308459117e-01
-5.405256621220377866e-02
5.644257624068889090e-01
9.332730051202953181e-01
9.126138554168348183e-01
-1.558341658801865037e-03
2.583496106727865005e-01
3.331534495565990905e-01
-7.944286334195371779e-02
-8.804321334762610363e-01
-5.656301290335385978e-01
-9.821201891210327162e-01
-6.890326617684745525e-01
-2.909246075412499355e-01
-7.895247818170645360e-01
8.277670894086177622e-01
8.130467157154801505e-01
-9.764608998014787655e-01
6.732308908169941652e-01
-5.146907328105789770e-01
-6.531209597247082943e-01
-8.865453494692059344e-01
7.040635798025456360e-01
-6.333512015519511262e-01
7.770164531676049258e-02
7.226623763598476469e-01
-5.560286997720775837e-01
4.343841640479333410e-01
-9.927530275265084025e-01
9.303862405716190054e-01
6.799375318422746783e-01
5.820686107773469509e-01
5.321571264222375586e-01
-2.036528300737305841e-02
2.236585501400325526e-01
-9.869176951394023067e-01
-5.292375873048140722e-01
-4.387358599211532706e-01
2.557197873827827816e-01
-9.734369666844675528e-01
-5.075017304434346066e-01
4.723789795040356232e-01
-1.193436415826032437e-01
-4.181417803980751469e-01
8.516398078654607851e-01
-2.237792257799278151e-01
5.209541493810254664e-03
7.188424171817191510e-01
-9.175869042138784515e-02
1.077774887345652743e-01
4.117045023038754525e-01
8.016462938832853435e-01
8.283213052883529048e-01
5.261782910802228486e-01
8.942465627876672318e-01
1.181708567514079267e-01
-3.405433951871525977e-01
-1.826945869873159989e-01
4.110453060391245916e-01
2.455156723695184340e-01
-6.247805867609279584e-01
3.412283448640542893e-01
2.669838035153513367e-01
-9.539805282913198514e-01
6.800294279274177178e-01
-1.098456519836332745e-01
5.453622510320816907e-01
4.762804361668886433e-01
-8.472776394397762978e-02
8.125057050374357992e-01
3.461157518040636205e-01
-3.445860202877384371e-01
3.307378038003769838e-01
-2.944889625627882257e-01
5.231834066324640986e-01
4.374721661323754951e-01
-2.640638099998908750e-01
6.615075397659675449e-01
7.019227465213553341e-01
-4.734933767950983974e-01
-2.530902622598583118e-01
-4.961067400422427554e-01
3.009539202343172182e-01
-2.658081605085242938e-01
-2.395813556656398724e-01
-4.935445487965999245e-01
-4.942719749545276819e-02
2.756968137295334742e-01
-9.274198599928136222e-01
5.290831217022347044e-01
-6.413866484218753161e-01
-6.246689490574504067e-01
-2.084581602989712401e-01
4.962868881093296380e-02
-1.090708680947833908e-01
5.082444255448053116e-01
2.968118560090016178e-01
8.089026178080105378e-01
5.822478059897151503e-02
4.588574453366662809e-01
1.677664797438791489e-01
5.255334175310655276e-02
-1.469035058496284130e-01
-2.325590873631149247e-01
-7.782998117877228950e-01
9.486002014698535767e-01
-6.771858854049761511e-02
-7.767387251176192109e-01
3.262474678689921692e-01
-9.834892211195618295e-01
1.183900088645979398e-01
-7.328987896679775016e-01
-2.526814436513569184e-02
-5.327737719810095030e-01
-5.962624757316616897e-01
-5.837416151821446242e-01
-2.448631242241050554e-01
3.314875518238145080e-01
-4.789673531700966436e-02
-1.757371338402398120e-01
5.152613974834863164e-01
5.776768609381208730e-01
-6.774726255876240000e-01
-3.781523742721288883e-01
7.708842428983193606e-01
-7.665801886131706766e-02
-6.789761559966032145e-01
8.023512115377962051e-01
6.950588493294940218e-01
7.383326605980027324e-01
-6.201302454031740741e-01
-1.951037526294376878e-01
2.855441606005817423e-01
-6.548143466511366917e-01
6.343477224417557458e-01
-1.053883809060578436e-01
3.018017969096706832e-01
-8.614968473595663312e-02
3.602552309839390787e-01
-7.747258952803062204e-01
-7.173657831219459879e-01
7.546814241198371853e-01
-5.721210621931753781e-01
-5.571066193293368052e-01
-4.537653394967477993e-01
6.076175168004627203e-02
-1.372054252666994323e-01
2.595076583643065593e-01
1.250864142975680604e-01
-6.677187210836252884e-01
3.034499171782389926e-01
9.625417422551820756e-01
-9.290789290742971218e-01
4.210219373007142440e-01
-3.280388355243712972e-02
-6.997706354521904260e-02
2.774598451382244146e-01
-4.704133157891510209e-02
-1.812615498059724217e-01
-4.784633699594054157e-02
-9.000863868158548442e-02
-3.486131610137954695e-02
2.227869878279900018e-01
-8.046100664757582788e-01
3.127578593796880302e-01
-4.337019083294000321e-01
-5.486002483442375954e-02
-8.165118620018774198e-01
-2.373686666718899385e-01
8.548749038078709006e-01
-8.616321594139764173e-01
-3.094447459087179553e-02
-9.885825219594366331e-01
4.501545447811818867e-01
5.529937406314489046e-01
1.965620165156434229e-01
-1.573668591364503211e-01
3.797209636407838929e-02
-3.931878352384652331e-01
1.847971907325196561e-02
8.553784751573041412e-01
1.638736921487635723e-01
1.028269605692533339e-02
2.530469026317383463e-01
8.594385267926365479e-01
6.436524535067524866e-01
-8.919799973804920512e-01
-3.205859684210776717e-01
9.773177850930856447e-01
-8.644615326187212734e-01
2.981959580842288293e-01
8.512401372128688415e-01
8.599824832795515128e-01
5.536835437427496398e-01
-9.698807654389538513e-01
-6.167810239607667278e-01
-2.676109506694115403e-01
6.494333348624135027e-01
7.704360597104829012e-01
6.486602341719005516e-02
-1.377961911143925633e-01
9.109062855731859809e-01
9.969908293341467331e-01
2.504489403657832458e-01
5.328743131674480438e-01
8.791463547076940888e-01
3.847134093423774104e-01
1.464655406108414937e-01
2.776461835413295276e-01
6.160979383976643575e-01
-9.295720942288507871e-01
6.472877348578887080e-02
3.620613872564864000e-01
7.064478811907464184e-01
-7.993523531203861054e-03
4.204269822219448560e-01
9.137572100346469384e-02
2.197368425826087268e-01
1.515719400057564670e-01
-2.965861390196053993e-01
5.282997722928135520e-01
-6.377073984387118255e-01
8.758113607299236048e-01
6.903391130255218666e-01
8.900733904497830640e-01
3.036862706648282284e-01
7.775237005159441050e-01
4.460236837066064997e-01
6.533994516246954820e-01
4.107563764758881408e-01
9.346448299520495606e-01
-2.387865273928646559e-01
4.428993143949813138e-01
6.117941095189414202e-01
-5.721098445514043451e-01
-2.858402900332317476e-01
7.366808997699765271e-01
-7.881053734916185771e-01
6.496051026640075055e-01
-9.648100765746085994e-01
3.019890241041807144e-01
-7.005026991520184598e-01
-8.086856638114487961e-01
-4.431679221660387302e-01
6.885529354479467123e-01
-4.510357282799606349e-01
-6.366348368297729543e-01
8.657509509233578537e-01
7.127479582414553150e-02
-2.179528043693372830e-01
