-6.979387812062753937e-01
2.875534997667731352e-01
-7.233575830431924203e-01
-5.914273604548780927e-01
-2.765390687875228237e-01
-3.955397613018194480e-01
8.037644566092416731e-02
-1.031008761704126364e-01
-7.556628901415218813e-01
-1.456792603140950604e-01
-4.015013760374432916e-01
9.199994443460404181e-01
-8.887430431337768333e-01
-9.405226667753718850e-01
2.616921585792965077e-01
-9.959129154350471191e-01
-5.353255179715703527e-01
-6.994528619173918660e-01
7.199589421863099581e-01
4.191981137202605012e-01
4.126278932835112379e-01
-1.589190061111356300e-03
-3.710132844254350193e-01
9.338838593633544960e-01
-7.147447443981207460e-01
-1.114909223867921462e-01
-2.622812990696037350e-01
5.059882015416388157e-01
-2.078579638569467702e-01
6.391707740290037965e-01
-2.200864166407945355e-01
6.893220515884858068e-01
-6.833913558680639877e-01
3.615391890106665063e-01
-8.238656964802363314e-01
-8.862103703020696166e-02
-2.714741186987168486e-01
5.664731885546028245e-01
-1.657237482659716377e-01
-8.209428111823479091e-01
3.776070880277522246e-01
8.732313426883213658e-01
-6.288599484253041272e-01
2.049258638530686571e-01
7.160037164872656845e-02
-9.918457313362732952e-01
2.512737768412514061e-01
2.805285099404586369e-01
-6.211372827364408655e-01
-8.866577215947777368e-01
-4.610101437478131281e-01
4.880370872485219613e-01
4.161371280638079956e-02
-7.889674209631647450e-01
-6.725770344679986579e-01
7.911353386090202999e-01
6.629941715638432154e-01
-5.773142359063563323e-01
1.510294288769093995e-01
-5.367910046506354504e-01
-6.152200887697665266e-01
-9.845979201110605095e-01
-3.094991693643955877e-02
-7.832109492475174406e-01
-3.639097677755304822e-02
1.279536182858809212e-01
-8.892255115487746053e-01
3.843201767971797800e-01
-4.562127855543309796e-01
-6.900015485989812181e-01
8.071235460393964001e-01
9.484568662946795126e-01
3.127417643405672187e-02
8.644265718671488852e-01
-9.331865413354953898e-01
1.131038541322875179e-01
3.135144152588398292e-01
-4.726804130952313443e-01
-5.928031391805850259e-01
-8.962861260740541125e-01
9.641483458963717723e-01
1.401391305191571623e-01
3.476988000223559250e-01
1.551023364964557172e-01
6.150966652769891407e-01
5.953491785363781430e-01
4.004712732442133882e-01
6.868860105260443660e-03
9.765969423872475907e-01
2.826591886786919972e-01
-6.942470780177651957e-01
2.068336152155215713e-01
3.723369935861831070e-01
6.695407823294341476e-01
5.434374494350281415e-01
-6.237358686769074456e-01
6.149798758265934140e-01
-4.272694143911193176e-01
-8.498341220913998573e-01
3.491873745563306985e-01
7.463955365204986148e-01
3.599668541844223135e-01
-6.779041775425167504e-01
-7.047134611536784998e-01
6.459420952580379183e-01
-2.642161560291134137e-01
6.369718357162650335e-01
-5.452354713141582820e-02
-8.512112521749664040e-01
2.076281722789736772e-01
7.716465433432990739e-01
4.220059249465906159e-01
8.505125741507849613e-01
6.553164293641692284e-01
-1.354854041996322589e-01
-5.311329781681206619e-01
-1.493974482001791948e-02
-2.100746005853901810e-01
6.505656213527903908e-01
-1.332620115312626030e-01
2.150302040404739046e-01
6.805238702147495822e-01
-6.548545321408762998e-01
-2.295378647145287498e-01
4.400597309422684678e-01
-3.225425945331306110e-02
9.407966539113568061e-01
-9.675742339751600696e-01
9.452474695815218375e-01
9.090968613533846332e-01
1.025382849981612554e-01
6.948374683665161644e-01
-4.987539874129254258e-01
-9.806170837474825763e-01
3.001841447024717890e-01
-5.379779703475460195e-01
-8.037578501256898988e-01
5.024846497819526192e-01
-8.529056437639099819e-01
-2.492077343582390636e-01
2.980156952167158924e-01
4.700784073292962884e-01
-4.102801277535761404e-01
1.560035366735459395e-01
-7.671790865021952399e-01
3.438366013335183435e-01
1.868265600188070419e-01
-2.471935896979514657e-01
-7.874814219829939788e-02
4.166817445052928282e-01
1.745551119249927341e-01
3.004292813954803076e-01
-8.591667833723696246e-01
-8.538959807115983347e-01
-8.302622525469127712e-01
-9.831380831265168485e-01
8.661931523544875722e-01
7.530657346334057589e-01
4.783177241079172859e-02
3.694573664734956964e-01
1.644359596943170132e-01
7.340750277649923383e-01
-3.993789378578620486e-01
4.679892101523666081e-01
5.933472010020210963e-01
8.545321816790796277e-02
-4.706397081033291130e-01
-4.944033547601667244e-01
5.253561416974881215e-01
-9.450451589924603324e-01
-3.774721076902320949e-01
5.709530898880330607e-01
-6.654784812707490449e-01
7.403532709311337889e-01
-4.748599765675259876e-01
8.482253828856141098e-01
-5.543877694905905429e-01
-1.981752047284202067e-01
-3.769064772739854075e-01
8.033515413779156455e-01
-7.079354235718993138e-01
-5.945656933887628615e-01
-2.908902134538886575e-01
-6.156886352202795010e-01
3.359820068634622459e-01
1.496010874155548898e-01
5.247758943815292731e-01
5.005583446149126647e-01
8.463496126119599561e-01
7.613396975587192195e-01
1.714352063747681676e-01
8.347155759492981275e-01
2.179745025568057687e-02
-9.890598467509492675e-01
-8.172776186055059622e-01
8.781321751539842291e-01
7.629301432049614418e-01
5.139290600203281212e-01
6.907555169634924663e-01
-1.974244423436319895e-01
-8.651100251102372685e-01
-2.544603672145863693e-01
-2.527590330197782009e-03
-7.563269369093486016e-01
7.995188619769695304e-01
7.522725002186284593e-01
2.823677295981230628e-02
8.841393303233056056e-01
1.028873787239137361e-01
9.144063736303449375e-01
-9.912940992908461091e-01
-4.979483376220705804e-01
-2.691461999959645635e-01
6.813440359220492848e-01
-9.376235702247562864e-01
1.248965347374632051e-01
1.882682664443096066e-01
-1.413022412415448903e-01
-7.922906987076892005e-01
9.367102270763778549e-01
-6.503528758007948163e-02
-4.684856229694922547e-01
4.239248941820137340e-01
4.593694201372156005e-01
-4.542231549986301964e-01
9.932070264169394758e-01
-2.177314895468018818e-02
8.407531321114690426e-02
2.934468171734317954e-01
4.349303256999139666e-01
-6.703116281973320323e-01
-5.521067123337604077e-01
3.384313202633277839e-01
-9.874144535451285787e-01
-4.969188805599269454e-01
4.764705156411186415e-02
1.395949760169434839e-03
7.534536189545018026e-01
5.017357108626991913e-01
3.534133779552914856e-01
-1.298335660714613482e-01
-5.462578018055295193e-01
4.075475550784204981e-01
9.914974656368751305e-01
2.956959853528426940e-01
-8.690291657891971999e-01
9.512692695526971942e-01
7.870778575811541167e-01
1.419069822190248686e-01
-1.770588040934470975e-01
9.931620600805101118e-01
-2.461521406224407293e-01
7.116270116181502292e-01
7.458983824159741705e-01
5.082195019765030075e-01
-9.997631142764979995e-01
6.235765479613968321e-01
5.861973660135453290e-01
-9.607106142945036620e-01
8.329336060089682636e-01
-2.933654543289587746e-01
1.138526505335057948e-02
5.660614208623142574e-01
4.570072479511275709e-01
3.983517824544815511e-01
