6.520379090143557654e-01
2.528453287313872089e-01
-8.485021507836735255e-01
-2.682657981165276206e-01
3.749360912429460235e-01
6.710398119965426122e-01
-2.175387753300841442e-01
-1.789096883826959972e-01
-3.682851765220298557e-01
-7.348930692486601579e-01
2.192840415504944129e-01
-8.356485618361645384e-01
-6.307766095071691836e-01
-9.143220674711844964e-01
6.908274867157996324e-01
8.019014134333843913e-01
7.276045426044563946e-01
-4.853250859619658852e-01
-3.671269558241501141e-01
-2.958605017675421944e-01
9.909996765378832340e-01
-9.403668192407879101e-01
2.594079817856130565e-02
-5.442130122424586602e-01
9.976909701374722106e-01
6.929056149706943613e-01
-8.135353438235826129e-01
9.801402645749509590e-01
-4.209578288088267062e-01
-3.417326812567831329e-01
-1.705718834604792455e-01
-5.235684953553754184e-02
-9.871865775116412944e-01
2.124514849571079722e-02
1.185126240025478062e-01
3.218954727016027362e-01
-8.942546185008082293e-01
-9.293611693677332752e-01
-3.198437588776914531e-02
9.476980376948633822e-01
-4.603130881397918261e-01
6.841060957841066381e-01
3.610631566016362370e-01
-9.830026848216484314e-01
-3.210025220032803883e-01
-7.864852579505233754e-01
4.857412475058084933e-01
-1.989343403145475975e-01
5.515078081705686586e-01
-2.834453433911394704e-01
8.058372084292009241e-02
-9.009317870873418954e-01
7.342065382341858015e-01
-3.979420130602397965e-01
-7.742298008703250023e-01
1.362716888294754902e-01
-4.571768393585515233e-01
-7.769063566698355405e-01
2.889170647733269037e-01
6.847928413664035041e-01
-8.100941962071013247e-01
3.381475776566464919e-01
8.940765571392838007e-01
-8.188126197095162428e-01
-6.071415390929788547e-01
8.779329812390037624e-01
-8.441847240717021972e-01
2.744948460479905705e-01
-7.511009959357344279e-01
-6.396416880021549289e-01
6.189162948304929301e-01
-8.681872723971104655e-01
2.845739424422271124e-01
-8.426061082710343264e-01
5.476950168051084589e-01
8.695715414480920114e-01
8.967437807074661871e-01
1.132301221320486384e-02
-6.936980913105721402e-01
3.586665016775291148e-01
-5.048423588591129940e-01
5.078584345903114361e-01
6.610216431282538441e-01
6.520824166771976849e-02
7.613534111830344564e-01
4.628459650972489570e-01
4.790015940825055329e-01
-5.858332365838914146e-01
-1.312394834581098735e-02
7.392013946456432727e-02
5.027607203813189152e-02
7.518368273849802552e-01
7.963591301458409211e-01
8.034544922838915415e-01
9.777768146787171322e-01
-4.238363932055799754e-01
7.128857873034142312e-01
5.070783599661354835e-01
2.798710774849574312e-01
2.892994259873544749e-01
-9.747275962205315114e-01
-4.878457695816262873e-01
2.410938995860780754e-01
-4.935077695424010535e-01
1.779543316372929063e-01
3.941380724658489765e-01
-9.574419087439747234e-01
-3.090464746821259823e-01
5.767177463649320046e-02
8.148029023972225282e-02
-5.908814083976072773e-01
4.518654762371567823e-01
-5.778644140261732787e-01
-2.675070027370849424e-01
8.892179535867847928e-01
-5.010904175215149525e-01
-1.156115938962241074e-01
2.933975796659737956e-01
2.581914916439145280e-01
3.975228641542083996e-01
4.836279556705846971e-04
1.203054052664267459e-01
-4.326146405074553503e-01
3.758152643304590868e-01
-6.670194415214638628e-01
-3.997519028134006724e-01
7.056399363099713495e-01
-6.907789492446085866e-01
6.152608263737531225e-01
8.145566421732177709e-01
9.524067402933589221e-02
5.727715706973723897e-02
8.210589383569877331e-01
-6.083335644223684113e-01
1.264001945920467662e-01
-9.659999400221498389e-01
-7.627973065896606064e-01
4.548289174614998931e-01
-6.328450012754904819e-02
9.479130992464148697e-01
5.306363460473655369e-01
-9.567116199810472565e-01
-9.121363963472139957e-01
-8.853454873268564729e-01
-1.165761956706572455e-01
8.679253794994727933e-01
-6.902167815710449350e-01
9.862184077889025735e-01
-9.991322919838211414e-01
9.242952024293381585e-01
-5.349219252652586132e-01
-2.014578134684993360e-01
5.722659612236928872e-01
2.314525658719546186e-01
-1.370661200809476510e-01
4.574557883738756825e-01
3.824755929244786357e-01
8.830850807856536200e-01
4.837440465172673232e-01
-7.578043873091302451e-01
5.970743847128126003e-01
-1.605631674814333998e-02
7.214572800305751876e-01
1.561666795812561293e-01
7.831426766557826324e-01
-1.863209636590124063e-02
-1.613842931442133199e-02
6.603105431141920167e-01
-7.021246611371352309e-01
3.597752121479904641e-01
-6.326195146221298415e-01
-8.443842731630433196e-01
-9.164270820896758263e-01
5.941003634354640184e-01
-5.864414961580317609e-01
-7.883406208874639276e-01
9.720618751096203880e-01
-7.846017345958304912e-01
-4.703977509820991276e-01
-1.811976981265717157e-01
6.764435460529741873e-01
8.026204777945404878e-01
-6.749704454386480368e-01
-9.341328788762925939e-03
7.358447325882876422e-01
1.045272966698225225e-01
-2.586400000564694768e-01
-6.939525966741078022e-02
8.358871245007246653e-01
8.901700299082515588e-01
-6.914271687939372857e-01
-1.507577203242356223e-01
2.066920202963127284e-01
-5.964950467450025329e-02
4.770033960869053402e-01
1.035141939971080394e-01
1.923514875875238506e-01
-9.724443761605503500e-01
-8.308614614778968566e-01
5.864757598872794020e-01
-9.864268509079696656e-01
7.068350935419152048e-01
-7.837991654773299732e-01
4.754991690811241067e-01
4.112173181642186925e-01
8.642800341536658326e-01
-4.038990748943738218e-02
8.591208550578481873e-01
8.125639155177888373e-02
-5.955269830629499328e-01
2.271031764735648717e-01
1.286477880382261851e-01
-6.977928702525493243e-01
-5.245778161711363019e-01
-1.627311755627292023e-01
1.523798402879668057e-01
-9.606048275532670377e-01
2.181962277738842548e-01
-1.934072835020621550e-01
-4.986814623340589669e-01
-6.754708391263001266e-01
2.686539973816408633e-01
4.154157944449371476e-01
7.632753219194254868e-01
9.393649984157077526e-01
-9.672357759720277004e-01
-6.910906159211720468e-01
-9.583380891478032737e-03
-1.231328856752248457e-01
-8.646937956755169630e-01
-4.847139243059730429e-01
3.259113533869859580e-01
3.726306672820646204e-01
9.590338847326347338e-01
-5.237506202463855232e-01
1.095708137102289204e-01
-2.014292877658656611e-01
8.339248187433623283e-01
7.830467192016223876e-01
5.372444091733608040e-01
8.616206458505648591e-02
8.423040690310912293e-01
5.357749942773464280e-01
5.318323410250445082e-01
1.554475717308954064e-01
6.419145128811856171e-01
9.959626921274943312e-01
-8.856162936612566039e-01
-7.963770455878818044e-01
-2.920436249559749120e-01
2.772422605186473099e-01
-8.215750336933257403e-01
2.575862041090778431e-01
9.142858514335541198e-01
2.617873502486889326e-01
5.418377198121779870e-01
-6.035062598767779729e-01
9.369025224690923359e-01
-7.384231244659629212e-01
-9.670358634869927750e-01
-8.413589550211868495e-01
-3.520154069289886944e-01
3.155422082587371335e-01
-8.768515061929560428e-01
-3.778928018532059507e-01
