-8.477057432982437746e-01
-7.509554835440712672e-02
-8.176715827276508364e-01
-1.359527291877693500e-02
-7.468444858554366128e-01
7.423333017015032453e-01
-5.129418311705534750e-01
-9.031350076842108443e-01
4.518585530768683967e-01
-2.927887727768943016e-01
-1.864083322223027972e-01
-2.159423447784666328e-01
8.551684916105313228e-01
5.023637548834951616e-01
7.665104570958338748e-01
-6.840018288683751280e-01
-1.648633701183579436e-01
9.831624501110340919e-01
-4.197015981521394767e-01
9.505944370834451540e-02
9.504896318111353271e-01
3.993328471020989312e-01
-6.439177102039961298e-01
-9.782387069993341289e-01
2.072416623049486706e-01
7.534693700034154062e-01
-7.670904329179837333e-01
5.623957333680078552e-01
9.503889825030837901e-01
-2.848606208725282807e-01
2.198235317317163151e-01
2.747937808118507963e-01
6.882693963718367058e-01
3.049381052980966178e-01
-4.027188095834326464e-01
-7.354801638792176632e-01
-6.153407330679836473e-01
-4.488183845486346524e-01
-9.752581366237123017e-01
9.800590218344726878e-01
-3.324556325059573325e-01
-9.429671711946865376e-01
4.172460874991533730e-01
1.967090364098484367e-01
3.152256544172731267e-01
7.818575993719610873e-01
-4.491082509641046716e-01
-2.478343491111711927e-02
2.168328886493371410e-01
-3.440217923904690389e-01
5.238539440105887124e-01
-5.513975832500817020e-01
-7.660809769061869279e-01
8.499494030538200517e-01
7.696545996581805049e-01
-9.347361644866486463e-01
9.220925142886068349e-01
-6.151606454386304712e-02
9.717429443902303454e-04
8.063635193060427753e-01
-9.654117363488082804e-01
9.878732224319601851e-01
-2.395704722672358233e-01
-9.998196578627702724e-01
-5.476923829128352850e-01
-7.141757131481522025e-01
5.429248992898199067e-01
9.890090784769588472e-01
-9.024973246398286797e-01
-5.187164581588343815e-01
9.210614265013772339e-01
-9.515397694382088378e-02
-7.275314104854284647e-01
-7.329847764004098210e-01
-2.470823978150584743e-01
4.925053169473962988e-01
4.896392040288115588e-01
2.474065626940380458e-01
8.736428605894537291e-01
9.334848456009988693e-01
4.304103184050680486e-01
4.572738810489593853e-01
-2.068896184480360778e-01
-8.097701670615344849e-01
3.480075139488363334e-01
4.461721651832795121e-01
6.891798370522814743e-01
1.072697774776374402e-01
8.512904263717828712e-01
6.373599953274291519e-01
-7.770396045886418523e-01
6.768335539643313137e-01
2.487394502739892488e-02
-4.897119046239599705e-01
-3.061014112476052595e-01
-9.928528745395335253e-01
-3.870060790253848637e-02
-9.175132038409261614e-01
6.342194896594279818e-01
6.863549099290412459e-01
9.566694968513758113e-01
-9.881578002722035681e-01
-6.276804594180795949e-02
-1.156539015625202005e-01
-8.724155721163939781e-01
3.814305618157325384e-01
-4.546190391142843623e-01
7.035487982571204668e-01
5.313112047788155490e-01
3.152644706717493417e-01
7.668035254425700220e-01
4.620579939678488568e-01
4.175263131937505534e-01
-5.228776095764531284e-01
4.627416473771548411e-01
-2.090808615719610408e-01
8.608007330992051287e-02
-1.227687267908266211e-01
-4.236741156876988601e-01
9.042955396129690460e-01
-7.125375124619135470e-01
-7.466561384033966187e-01
-3.150469163823967911e-01
-9.519818933101285019e-01
-6.166106359067584641e-01
8.752082445350943818e-01
-8.734502051059034322e-02
2.950083649215859971e-01
6.784966408888734035e-01
-8.926550330726130689e-01
3.306655177578909921e-02
1.547526448323417458e-01
-2.790970131060102055e-01
9.742900685344166867e-01
2.144723468733555904e-02
-2.901068545536006349e-01
-2.013678655713642129e-01
-7.411583086632635986e-01
-9.257905061741933395e-01
-1.611415695201190434e-01
-6.936509922376704607e-01
5.302909177586119238e-01
-1.297190057084980364e-01
-2.926968944145705853e-01
1.193229178268404578e-01
6.659530493891399061e-01
9.637359169330236286e-01
2.807066738021020136e-01
-1.188900657085412149e-02
-9.825459449555069558e-01
-9.241392165473896192e-01
4.825173681780425827e-01
-1.540428806863245459e-01
-6.884382165986373536e-01
9.913344260486689485e-01
9.411360793071903430e-01
6.877382494425763326e-01
-9.769678814978518533e-01
9.137039527476429335e-01
-4.621798761460691463e-01
6.910680399021735809e-01
-4.356518237158139017e-01
3.956047442499206479e-01
-9.586064283182047507e-01
5.409864180800476596e-01
6.490379727059503168e-02
-3.159488964369452368e-01
2.427576403606801492e-03
-7.084483123082530032e-01
3.180305979954629603e-01
-2.691579533081900344e-01
6.918429531897634099e-01
1.598594344394809186e-01
8.330251313917655942e-01
9.204807839782487289e-01
5.405944284271728684e-01
-2.039060312183609280e-01
-9.335066348359211119e-01
-5.920507076675236569e-01
7.190715879009549338e-01
-9.936768095876457041e-01
3.657428462124721058e-01
-7.419075330290558767e-01
-7.760278517798659959e-01
-8.965095187999642112e-01
3.291220241142367442e-02
-8.116596812197631738e-01
8.086211100464529844e-02
-5.619629701834050195e-01
9.657728324117350605e-01
2.235027766791476411e-01
7.094576922022842735e-01
8.954827559412219529e-01
8.151112030974103639e-01
-6.960448173830307006e-01
1.719445811130906332e-01
7.690517648713606214e-01
-8.905015664361318750e-01
-9.591122245848235917e-01
-2.986535742820710659e-01
-1.381025060707666285e-01
7.587435895415257647e-01
2.918733880883058740e-01
3.477465790446445659e-01
5.211890782967110169e-02
8.166046910826874061e-01
5.672721677267362761e-01
-4.976163563589537375e-01
4.724145035821245564e-01
3.328859592918358423e-01
3.243748791671066112e-01
-2.671539278326027222e-01
3.369020494438170754e-01
9.947002272681818580e-01
-6.188346415385217458e-01
4.042738578702187446e-01
-6.773106246635367533e-01
8.306617917296101883e-01
-1.891554931710637544e-01
3.702489756942113353e-01
-7.665813163628369953e-01
-7.211449077145022368e-01
8.925797934293909774e-01
8.040695508149067194e-01
6.812120542518496080e-01
4.723728922694634402e-01
6.952395248868001865e-01
6.178135439722030053e-01
-7.545363118738839248e-01
3.758471323352465809e-01
1.418067042070125794e-02
4.409725644262496580e-01
-6.450963471836737018e-01
-2.032942041382369558e-01
-7.998783439328518430e-01
8.920940753675383750e-01
6.686210689106841798e-01
-3.267000826083179543e-01
-3.750203401392455671e-01
-5.306583444671935101e-01
-5.247290040961398727e-01
3.191146671615128216e-01
-4.432073029459675517e-01
2.585855251045880987e-01
3.631558061198885135e-01
-5.757026109746155029e-02
7.741391439642208994e-02
5.414762875998404557e-01
-5.515968076445418866e-01
-2.948097658358177497e-01
4.878249761404682694e-01
3.245485750680301429e-01
-2.310848671069255234e-01
2.263171594351539029e-01
5.433605019818676940e-01
-1.157836510279919295e-02
-9.799366989159341568e-01
-9.285675523274765641e-01
-3.599165613950794373e-01
-4.518801338653209987e-01
-3.237544016281674875e-01
3.320081328018266165e-01
5.706071950124225189e-01
-9.770391726610981875e-01
6.697738774763262182e-02
