-8.477057432982437746e-01
-7.509554835440712672e-02
-8.176715827276508364e-01
-1.359527291877693500e-02
-7.468444858554366128e-01
7.423333017015032453e-01
-5.129418311705534750e-01
-9.418102301806432486e-01
4.518585530768683967e-01
-2.927887727768943016e-01
-1.864083322223027972e-01
-2.159423447784666328e-01
8.551684916105313228e-01
5.023637548834951616e-01
7.665104570958338748e-01
-3.890129647853006745e-01
-1.648633701183579436e-01
8.078778217893989311e-01
-4.197015981521394767e-01
9.505944370834451540e-02
9.504896318111353271e-01
3.993328471020989312e-01
-9.235727874833935536e-01
-9.782387069993341289e-01
2.072416623049486706e-01
7.534693700034154062e-01
-7.670904329179837333e-01
5.623957333680078552e-01
9.503889825030837901e-01
-2.848606208725282807e-01
2.198235317317163151e-01
2.747937808118507963e-01
9.780252992694644654e-01
3.049381052980966178e-01
-4.027188095834326464e-01
-7.354801638792176632e-01
-6.153407330679836473e-01
-4.488183845486346524e-01
-9.986567574584295226e-01
9.800590218344726878e-01
-3.324556325059573325e-01
-8.906690099757657020e-01
4.172460874991533730e-01
1.967090364098484367e-01
3.152256544172731267e-01
7.681957364931969456e-01
-4.491082509641046716e-01
-4.377388299213932354e-01
2.168328886493371410e-01
1.898087335192528702e-01
5.238539440105887124e-01
-5.513975832500817020e-01
-7.660809769061869279e-01
8.499494030538200517e-01
7.696545996581805049e-01
-9.347361644866486463e-01
9.123115571482922626e-01
-6.151606454386304712e-02
9.717429443902303454e-04
8.063635193060427753e-01
-9.449623705721761358e-01
9.976073274084529263e-01
-2.395704722672358233e-01
-9.996665133843289919e-01
-3.342383339711629819e-01
-7.141757131481522025e-01
5.429248992898199067e-01
6.591263326369416475e-01
-9.024973246398286797e-01
-5.187164581588343815e-01
9.210614265013772339e-01
6.904712932541283710e-01
-4.183479144320019771e-01
-7.329847764004098210e-01
-2.470823978150584743e-01
4.925053169473962988e-01
4.896392040288115588e-01
2.474065626940380458e-01
8.736428605894537291e-01
5.871889935424177143e-01
4.304103184050680486e-01
4.572738810489593853e-01
-7.556992718826847089e-01
-8.097701670615344849e-01
3.480075139488363334e-01
4.461721651832795121e-01
6.891798370522814743e-01
1.072697774776374402e-01
8.512904263717828712e-01
6.373599953274291519e-01
-7.770396045886418523e-01
6.768335539643313137e-01
2.487394502739892488e-02
-3.451135177782648777e-01
-1.447006568002027205e-01
-9.928528745395335253e-01
-3.870060790253848637e-02
-9.175132038409261614e-01
6.342194896594279818e-01
6.863549099290412459e-01
9.991371503924969533e-01
-9.881578002722035681e-01
5.109619391261044363e-02
-7.000187795412023961e-01
-8.724155721163939781e-01
3.814305618157325384e-01
-4.930831537788926688e-01
7.035487982571204668e-01
5.313112047788155490e-01
3.152644706717493417e-01
7.668035254425700220e-01
4.620579939678488568e-01
4.175263131937505534e-01
-5.228776095764531284e-01
4.627416473771548411e-01
-2.090808615719610408e-01
-9.228804244303054904e-01
-1.227687267908266211e-01
-4.236741156876988601e-01
9.042955396129690460e-01
-2.861649994823214360e-01
-7.466561384033966187e-01
-3.150469163823967911e-01
-9.519818933101285019e-01
-6.166106359067584641e-01
8.752082445350943818e-01
-8.734502051059034322e-02
-3.294053365334024264e-01
6.784966408888734035e-01
-8.926550330726130689e-01
-1.889948137108365955e-01
-1.816649921237916132e-01
-2.790970131060102055e-01
9.742900685344166867e-01
2.144723468733555904e-02
-2.901068545536006349e-01
-2.785362640055211170e-02
-5.283771843407218949e-01
-9.257905061741933395e-01
-1.611415695201190434e-01
-6.936509922376704607e-01
5.458344553424847589e-01
-1.297190057084980364e-01
-2.926968944145705853e-01
1.193229178268404578e-01
6.659530493891399061e-01
9.192508003691912677e-01
2.807066738021020136e-01
-1.188900657085412149e-02
-8.533757905669661081e-01
-9.317297429834975331e-01
4.825173681780425827e-01
-2.379593631382628249e-01
-6.884382165986373536e-01
9.913344260486689485e-01
9.411360793071903430e-01
5.673460341345053504e-01
-9.880079145253163331e-01
8.737084515235131743e-01
-4.621798761460691463e-01
6.910680399021735809e-01
-4.356518237158139017e-01
3.956047442499206479e-01
-9.586064283182047507e-01
5.409864180800476596e-01
6.490379727059503168e-02
-3.159488964369452368e-01
7.016718347158643621e-01
-6.648316828697902192e-01
3.180305979954629603e-01
-2.691579533081900344e-01
6.918429531897634099e-01
1.598594344394809186e-01
8.330251313917655942e-01
9.204807839782487289e-01
5.405944284271728684e-01
-2.039060312183609280e-01
-9.335066348359211119e-01
-5.920507076675236569e-01
7.190715879009549338e-01
-9.155406652192470407e-01
8.816142558149755448e-01
-7.419075330290558767e-01
-7.760278517798659959e-01
-8.818259602405725817e-01
3.291220241142367442e-02
-7.777363912223447251e-01
2.465967474306307583e-02
-5.619629701834050195e-01
9.657728324117350605e-01
5.061816867263400077e-01
1.215558160381133845e-01
8.954827559412219529e-01
8.151112030974103639e-01
-6.960448173830307006e-01
1.719445811130906332e-01
7.690517648713606214e-01
-8.097433218259562082e-01
-9.591122245848235917e-01
-2.986535742820710659e-01
-5.517010710654739469e-01
8.548897158707666755e-01
2.918733880883058740e-01
9.536405172883619663e-01
5.211890782967110169e-02
8.166046910826874061e-01
9.409557932307317518e-01
-3.635991450243677980e-01
4.724145035821245564e-01
3.328859592918358423e-01
3.243748791671066112e-01
-2.671539278326027222e-01
3.369020494438170754e-01
9.951135215569590908e-01
-6.188346415385217458e-01
4.042738578702187446e-01
-3.160186484729763379e-01
8.306617917296101883e-01
-1.891554931710637544e-01
3.702489756942113353e-01
-7.665813163628369953e-01
-7.211449077145022368e-01
8.925797934293909774e-01
8.040695508149067194e-01
6.812120542518496080e-01
4.723728922694634402e-01
6.952395248868001865e-01
6.178135439722030053e-01
-7.545363118738839248e-01
3.758471323352465809e-01
1.418067042070125794e-02
4.409725644262496580e-01
-6.450963471836737018e-01
-2.032942041382369558e-01
-7.998783439328518430e-01
8.920940753675383750e-01
6.686210689106841798e-01
-3.267000826083179543e-01
-3.750203401392455671e-01
-5.306583444671935101e-01
-5.247290040961398727e-01
3.191146671615128216e-01
-4.432073029459675517e-01
2.585855251045880987e-01
3.631558061198885135e-01
-5.757026109746155029e-02
7.741391439642208994e-02
5.414762875998404557e-01
-5.515968076445418866e-01
-2.948097658358177497e-01
4.878249761404682694e-01
3.245485750680301429e-01
-4.197503316870663248e-01
3.162627992200852667e-01
5.433605019818676940e-01
-1.157836510279919295e-02
-8.589779608145156065e-01
-9.285675523274765641e-01
-3.599165613950794373e-01
-4.518801338653209987e-01
-3.237544016281674875e-01
3.320081328018266165e-01
5.706071950124225189e-01
-9.770391726610981875e-01
6.697738774763262182e-02
