-8.477057432982437746e-01
-7.509554835440712672e-02
-8.176715827276508364e-01
-1.359527291877693500e-02
-7.468444858554366128e-01
4.186406852669320444e-01
-3.702909348048093463e-01
-9.031350076842108443e-01
4.518585530768683967e-01
-2.927887727768943016e-01
-1.864083322223027972e-01
-2.159423447784666328e-01
8.551684916105313228e-01
5.023637548834951616e-01
7.665104570958338748e-01
-3.890129647853006745e-01
-1.648633701183579436e-01
9.831624501110340919e-01
-4.197015981521394767e-01
9.505944370834451540e-02
9.504896318111353271e-01
3.993328471020989312e-01
-6.439177102039961298e-01
-9.782387069993341289e-01
2.072416623049486706e-01
7.534693700034154062e-01
-7.670904329179837333e-01
5.623957333680078552e-01
9.503889825030837901e-01
-2.848606208725282807e-01
-9.898755574182962480e-01
2.747937808118507963e-01
6.882693963718367058e-01
3.049381052980966178e-01
-4.027188095834326464e-01
-9.016754520658224470e-01
-6.153407330679836473e-01
-4.488183845486346524e-01
-9.752581366237123017e-01
9.800590218344726878e-01
-1.729005224250229622e-01
-8.906690099757657020e-01
4.172460874991533730e-01
1.967090364098484367e-01
3.152256544172731267e-01
5.900443622435633806e-01
-4.491082509641046716e-01
-2.478343491111711927e-02
2.168328886493371410e-01
1.898087335192528702e-01
5.413549662615761981e-01
-5.513975832500817020e-01
-7.660809769061869279e-01
8.499494030538200517e-01
9.970713672726391197e-01
-1.482819283127368992e-01
9.220925142886068349e-01
-6.151606454386304712e-02
9.717429443902303454e-04
8.063635193060427753e-01
-9.449623705721761358e-01
9.976073274084529263e-01
-2.395704722672358233e-01
-9.998196578627702724e-01
-3.342383339711629819e-01
-7.141757131481522025e-01
5.429248992898199067e-01
8.285648248865660204e-01
-9.024973246398286797e-01
-5.187164581588343815e-01
9.210614265013772339e-01
6.904712932541283710e-01
-7.275314104854284647e-01
-7.329847764004098210e-01
-5.088306715604790087e-01
4.925053169473962988e-01
-5.116485527728247273e-01
4.317751781796334010e-01
8.736428605894537291e-01
4.191374318767437934e-02
4.304103184050680486e-01
4.572738810489593853e-01
-2.068896184480360778e-01
-5.124727533689136250e-01
3.480075139488363334e-01
2.338983693638434502e-01
6.891798370522814743e-01
1.072697774776374402e-01
8.512904263717828712e-01
9.870571080728706148e-01
4.320318917988783536e-01
7.852387184981777235e-01
2.487394502739892488e-02
-4.897119046239599705e-01
-1.447006568002027205e-01
-3.496541949855618281e-01
-3.870060790253848637e-02
-5.573116837498092169e-01
6.342194896594279818e-01
6.863549099290412459e-01
9.566694968513758113e-01
-9.978627857660946621e-01
-6.276804594180795949e-02
-1.156539015625202005e-01
-8.724155721163939781e-01
8.202031733216659237e-01
-4.546190391142843623e-01
7.035487982571204668e-01
5.313112047788155490e-01
3.152644706717493417e-01
7.668035254425700220e-01
4.620579939678488568e-01
4.175263131937505534e-01
-5.228776095764531284e-01
4.627416473771548411e-01
-1.085383379391972047e-01
7.908807272424963619e-01
-1.227687267908266211e-01
-4.236741156876988601e-01
9.042955396129690460e-01
-8.181802631044641227e-01
-7.466561384033966187e-01
-3.150469163823967911e-01
-9.519818933101285019e-01
-6.166106359067584641e-01
8.791341827861351987e-01
9.609412809503783959e-02
2.950083649215859971e-01
6.784966408888734035e-01
-8.926550330726130689e-01
-1.889948137108365955e-01
-1.816649921237916132e-01
-2.790970131060102055e-01
9.867650552170103007e-01
2.144723468733555904e-02
-6.453353951827929258e-01
-2.013678655713642129e-01
-7.411583086632635986e-01
-9.257905061741933395e-01
-1.611415695201190434e-01
-6.936509922376704607e-01
5.458344553424847589e-01
-1.297190057084980364e-01
-2.926968944145705853e-01
1.193229178268404578e-01
6.659530493891399061e-01
9.192508003691912677e-01
2.807066738021020136e-01
-1.188900657085412149e-02
-8.533757905669661081e-01
-9.918609115343220983e-01
4.825173681780425827e-01
-1.540428806863245459e-01
-6.884382165986373536e-01
9.913344260486689485e-01
9.411360793071903430e-01
6.877382494425763326e-01
-9.769678814978518533e-01
9.137039527476429335e-01
-4.621798761460691463e-01
6.910680399021735809e-01
-4.402809168934261885e-01
3.956047442499206479e-01
-9.586064283182047507e-01
5.409864180800476596e-01
6.490379727059503168e-02
-4.402130272986043424e-01
2.427576403606801492e-03
-7.084483123082530032e-01
7.250192012883018844e-01
-2.691579533081900344e-01
6.918429531897634099e-01
1.598594344394809186e-01
8.330251313917655942e-01
9.240217454702923661e-01
5.405944284271728684e-01
-2.039060312183609280e-01
-9.335066348359211119e-01
-5.920507076675236569e-01
7.190715879009549338e-01
-9.155406652192470407e-01
8.816142558149755448e-01
-7.419075330290558767e-01
-7.760278517798659959e-01
-8.818259602405725817e-01
-2.483827331481467393e-01
-7.777363912223447251e-01
8.086211100464529844e-02
-5.167124587310072403e-01
9.657728324117350605e-01
-4.145504928778642739e-01
1.215558160381133845e-01
8.954827559412219529e-01
8.151112030974103639e-01
-6.960448173830307006e-01
1.719445811130906332e-01
7.690517648713606214e-01
-8.905015664361318750e-01
-8.464904621008192409e-01
-2.986535742820710659e-01
5.230288938877378779e-01
7.274165837279060742e-01
2.918733880883058740e-01
3.477465790446445659e-01
5.211890782967110169e-02
8.166046910826874061e-01
5.672721677267362761e-01
-4.976163563589537375e-01
4.724145035821245564e-01
3.328859592918358423e-01
3.243748791671066112e-01
-2.671539278326027222e-01
3.369020494438170754e-01
9.995422574402199611e-01
-6.188346415385217458e-01
4.042738578702187446e-01
-3.160186484729763379e-01
8.306617917296101883e-01
-1.891554931710637544e-01
3.702489756942113353e-01
-7.665813163628369953e-01
-7.211449077145022368e-01
8.925797934293909774e-01
8.040695508149067194e-01
6.812120542518496080e-01
4.723728922694634402e-01
6.952395248868001865e-01
6.178135439722030053e-01
-7.545363118738839248e-01
3.758471323352465809e-01
1.418067042070125794e-02
4.409725644262496580e-01
-6.450963471836737018e-01
-2.032942041382369558e-01
-7.998783439328518430e-01
8.920940753675383750e-01
6.686210689106841798e-01
-3.267000826083179543e-01
-3.750203401392455671e-01
-5.306583444671935101e-01
-5.247290040961398727e-01
3.191146671615128216e-01
-4.432073029459675517e-01
2.585855251045880987e-01
3.631558061198885135e-01
-5.757026109746155029e-02
7.741391439642208994e-02
5.414762875998404557e-01
-5.515968076445418866e-01
-2.948097658358177497e-01
4.878249761404682694e-01
3.245485750680301429e-01
1.453183694569339102e-01
4.630890992167484566e-01
5.433605019818676940e-01
-1.157836510279919295e-02
-9.799366989159341568e-01
-9.285675523274765641e-01
-3.599165613950794373e-01
-4.518801338653209987e-01
-3.237544016281674875e-01
3.320081328018266165e-01
5.706071950124225189e-01
-9.770391726610981875e-01
6.697738774763262182e-02
