-2.245168225274056795e-01
-9.334536707150309365e-01
4.968738281719626837e-01
4.091399756758067330e-01
-6.410698796165512636e-01
-4.596889876486549564e-01
5.243365934091290814e-01
-9.117763840546712073e-01
9.046445372444457123e-01
7.766114118713562942e-01
-7.402355083708098693e-01
-6.775864576034604791e-01
8.587357634396930450e-01
3.887271982004258941e-01
-6.435561848057935741e-02
-4.847209047574432272e-01
-8.175486715338581289e-01
-1.682716035333653437e-03
-5.261706810165311943e-01
9.169433559914357268e-01
-5.686507997985892349e-01
-1.714468401959119426e-01
7.375139974267923559e-01
1.264205236610609351e-01
9.049420013323505874e-01
9.709793537714350720e-01
-3.394053691399525619e-01
9.691565643164439248e-01
-7.490192520936709286e-01
-9.686746536496703142e-01
-2.946145846696908155e-01
-4.896400172399839601e-01
-8.852993275510232518e-01
-7.292464944733287879e-01
-5.351442713486911362e-01
-8.670832332175221202e-01
6.062132063272112070e-01
-7.036422485522486614e-01
2.160050111274682827e-01
3.956176184418713770e-01
3.798018695855169824e-01
9.935295339988436947e-01
1.110684296591117892e-01
6.826726553506452522e-01
-4.789258762440133932e-01
-9.320026431406972511e-01
3.378631535414425291e-01
2.523308134199364616e-02
8.104449250104459601e-01
4.099762515890600367e-01
1.960542785986367775e-01
-3.817211723955997726e-01
-7.082169853967510420e-01
-5.303065577113394991e-01
7.722578193649710654e-01
2.482608181622197874e-01
9.658386601078450262e-02
7.632877462191014484e-01
-3.295727635158139934e-01
-7.946893824582468291e-01
8.992372050303263364e-01
-2.918725564798563266e-01
1.287955869535895026e-01
-1.987758790659585051e-01
-7.925048334071562728e-01
-9.956374880417997453e-01
7.209565471554286731e-01
6.891026314759218785e-01
8.875994034773722063e-01
1.408697677417962701e-01
8.398026782335590301e-01
2.338636738462465114e-01
3.767799945888310464e-01
-7.463841246240638938e-01
-9.718910386354817632e-01
7.609511298462661166e-01
-7.861490681551925874e-01
5.920941633422429629e-01
2.679268258978406703e-01
3.925283053810255662e-01
1.806394363509447043e-01
5.806951672856779378e-01
-3.809928533527575656e-01
-7.612444749399838173e-01
8.562235492909709977e-01
1.662450919106062130e-01
1.100739693764181681e-01
7.411884486412183559e-01
3.301518850372247016e-01
8.502967932048355326e-02
8.411287408364787055e-01
-4.722083888337491597e-01
-1.580690980656640487e-01
7.802181235348266686e-01
4.310739238484191382e-01
9.005063911717761105e-01
3.633819632780972420e-01
4.681371238428563841e-01
1.303318590535387234e-01
-8.579840838980399287e-01
4.365525576758111370e-01
9.552507401378410590e-01
3.840496302823552810e-01
-6.524887918356783167e-01
5.975760426114542501e-01
5.464795937317445951e-01
8.722093479421697548e-01
4.183197437725110213e-01
-5.297542236422447814e-01
-7.724581680243958193e-01
-5.911308600593503382e-01
-2.435062476886273863e-01
-7.417559557567513506e-01
-7.062260718749302502e-01
5.257116417842150335e-02
-9.946398426331028997e-01
-5.998378479338306590e-01
-5.844510653585488491e-02
8.513628503051211549e-01
-9.140290879314597050e-02
-1.249927819063239021e-01
3.745104766621827341e-01
7.201247169179738616e-01
-4.116000117166612737e-01
-4.637884896434771864e-01
3.475277721708307510e-01
2.947764174323721509e-01
-1.014055947959887627e-01
8.538787729793637649e-01
-1.551091461894376633e-01
8.763034438396151149e-01
-6.691462296705368296e-01
-3.332110071161524800e-01
-2.819144337314934967e-01
4.536778660521606499e-01
-7.177400171975889531e-01
1.983400702949491556e-01
9.742566160446620716e-01
9.134851525060652122e-01
-6.273051169877232880e-01
8.941985885842194115e-01
5.724461057156557953e-01
-7.768028219360264552e-01
-8.550818239847848279e-01
9.792092458081529394e-01
8.680048000445259593e-01
7.709915231430866100e-01
8.800406222919813226e-01
-9.570253662228818126e-01
8.119175488447361033e-02
3.530624619491637972e-01
5.037625913969263625e-01
-7.345219265876921089e-01
-9.942780905529595703e-01
2.726902494111225206e-01
-9.323315409047171487e-01
-4.198542531947750955e-01
-6.967510718379876788e-01
9.290896181771017837e-01
5.952743255137247225e-01
3.287908702478186118e-01
-8.575613306948873804e-01
-4.984959184986319514e-01
-9.475647586116214827e-01
6.533560758735348362e-01
3.396126351232950924e-01
7.785381986463213444e-01
-9.142925987623011785e-01
-2.414718961534847441e-01
9.512755105398944533e-01
-5.424024557938467161e-01
-7.432113219429208328e-01
-5.925824777512913588e-01
4.347961196277116969e-01
-6.222364636675061789e-01
-8.526476441342873969e-01
-5.930739046953033000e-01
1.611061544830172387e-02
9.174812661947837622e-01
2.608394824231264897e-01
3.331351988299733335e-01
-4.107052648151419127e-01
9.254468293045567950e-01
-7.198519708825042995e-01
-9.843125772845384702e-01
-4.918566233421195477e-01
4.805018365145661829e-01
7.079837301387199577e-01
-5.530799469141889357e-01
4.695899967953964804e-02
-7.583467843110498485e-01
-8.885376888709333176e-01
8.086235037425817396e-01
3.262664777130903637e-01
7.890732012555295993e-01
9.716853643652353378e-01
-4.849789629192291507e-02
5.988589949119484945e-01
-7.405506129437984253e-01
1.524232253313597685e-01
-8.012034578267268614e-02
-8.661330718370052750e-01
1.919746159681228193e-01
-4.264964728671974958e-01
-8.285072232943888615e-01
-2.370309521289408750e-01
7.690873501333056472e-01
-7.563689128798163352e-01
-6.636929852079481718e-01
5.652659886180972926e-01
4.649403730852317285e-01
-7.856780302997872223e-01
-1.507978656750215141e-01
6.260880575126492875e-01
5.318981786650471832e-01
-5.685945926625939340e-01
-6.136204106212241882e-01
9.603918885808926387e-01
3.041977610686694700e-01
-4.524329814742400480e-01
3.203631903158351557e-01
-5.897237169476989838e-01
-4.149052655474265716e-01
-9.611196210197527900e-01
-9.987971175325500717e-01
6.971504916865562951e-01
3.585475920983178799e-01
-5.913422006196338288e-01
8.197512925850375387e-01
-3.232135286651003359e-01
2.482198361676078990e-01
-6.454250531177807559e-01
-4.394687986929062262e-01
2.723618835615636558e-01
8.505680018571339929e-01
-7.882773355315423336e-01
-9.850490650610965737e-01
1.136013019068717878e-01
-4.817486739912286153e-01
3.645736658511880002e-01
-1.400282804987758034e-01
-1.842437384825053315e-01
-4.855338698752262871e-01
-6.382019178613101973e-01
4.107088100207973991e-01
-8.727412878540241614e-01
5.201451116242157280e-01
9.625766555903931820e-01
9.925361113206661035e-01
-8.166676109656378912e-01
-8.260500042726084402e-01
-6.202689100231748576e-01
-7.893756676094509928e-02
-9.617323991699486818e-01
-9.865575232237049352e-01
2.679561724284655888e-01
9.030229200378387944e-01
7.182804945436360722e-01
8.136389826265493230e-01
9.157173235053326366e-01
7.116466120718243360e-01
9.338402375565801883e-01
-9.866156719402607855e-02
8.415499911430450730e-01
9.643631092687194872e-01
