-5.114180094660691900e-01
-2.546714229439346333e-01
-7.837671687433216405e-01
-1.968143106532036501e-01
1.187566060350930819e-01
-1.191358330406244725e-01
-8.296055078755129042e-01
-1.069143892813533281e-01
-6.628340791432527634e-01
4.555866452164103464e-02
8.326034212298818460e-01
8.862743707799225490e-02
-7.628075157721796451e-01
-4.017288270463947875e-01
-9.837937938810259464e-01
-2.112282815045931628e-01
-4.917160072259564307e-01
5.402349905437058286e-01
7.401480288258367457e-01
-7.809811026248324461e-01
-4.658278087122155187e-01
1.416727925362317730e-01
-7.230716729095483242e-01
-2.611310555198324557e-01
7.497330504840422627e-01
7.765365818325017377e-01
6.323082267823793012e-01
-3.719954758741990108e-01
-1.774684310357835804e-01
-9.890376052362721548e-01
9.881987148648428976e-01
8.781393516066050564e-01
4.140270175057199076e-01
-4.192205201174443729e-01
7.198893984726619788e-01
-8.365451001375299178e-01
-1.941698356583558827e-01
1.414230269893781422e-01
6.617822520019911448e-01
8.976903935957332159e-01
7.850694288078492455e-01
1.271759451474834268e-01
-7.787398719785316725e-01
6.875125772254901957e-01
4.026624098080993086e-01
4.650984333876255761e-01
9.683606685599871478e-01
9.906369096759455317e-01
4.065276283583805217e-01
5.836382290621845437e-01
4.806338841312033927e-01
-7.079106073166148150e-01
-9.659201110280932756e-01
-7.164984407461365556e-01
7.543434925644840749e-01
-6.806930744445511827e-01
5.230229349609394340e-01
-3.146991261789752192e-01
9.377584110458273559e-01
-8.058299670575328477e-01
1.920786409096501002e-01
9.972729088738749859e-01
-8.860316336661170356e-01
-8.797982991525971075e-01
5.708608415526429392e-01
-4.891158219977584931e-01
-2.258201602202498659e-01
9.786394273706748859e-01
-3.897165242701121635e-01
-2.054763042194276412e-01
-4.075780478409760654e-01
-2.880113217689681537e-01
-5.766337264645158278e-01
-9.979961523657866485e-01
6.644188922606790726e-01
-9.358457104405132343e-01
-1.701339123799259223e-01
7.774175529988029965e-01
-3.553990264121442699e-01
-5.229043884518238539e-01
-6.408160010409487128e-01
9.428682865471648133e-01
5.220460911778236346e-01
-9.068507108668442118e-01
9.205597134309572160e-01
2.962450713127739998e-02
9.993845868544212196e-01
5.277564301269432878e-01
-8.868617937830782783e-01
4.508960718357162278e-01
-9.451555817891099665e-01
-5.247792629628702521e-01
7.828507668517946660e-01
6.452849552225270457e-01
2.048679698406414840e-01
1.687583897444444592e-01
4.076913883104286151e-01
2.345525995744301984e-01
-5.015385539512151603e-02
3.522980091676061187e-01
-6.377150781343464692e-01
6.083414837526457397e-02
8.730814130002289009e-01
-3.589923562281305269e-01
3.945000251084795906e-03
4.230247602066077306e-01
-9.245249336457239675e-01
-6.199222913226805076e-01
-1.267185410250288857e-01
-8.338144195250793977e-01
-5.905711395524948504e-01
5.792565396017079760e-01
8.052528705163066736e-01
7.140563550686318539e-01
9.575127082986212290e-01
-1.179573374095244098e-01
3.968174942538471583e-02
5.805088476387522123e-01
4.261959139353745929e-01
-3.666806569362686119e-01
-6.228566662856895864e-01
-8.834210214513444903e-01
1.135257141690260152e-02
-2.302904498457636340e-01
-9.687334408077014070e-01
7.004048707826682207e-01
-9.899870163376677246e-01
-6.597842992837086307e-01
1.884099887166401643e-02
-9.209824127575141350e-01
8.472478100335235629e-01
6.912984508992647825e-02
-5.304739832773894825e-01
-3.570680319033241457e-01
8.270580361841803896e-01
3.873329299958738758e-02
4.800208447611864493e-01
-8.025195296250320354e-01
-3.295308032961747902e-01
-9.462950733733428432e-01
-3.603604835240616922e-01
-5.035921934788833987e-02
-9.827416965541433402e-01
9.231887829556755243e-01
9.093092307896128990e-01
8.687607622651851713e-01
3.549247286312482430e-01
-7.154627102700752417e-01
3.871835505785099496e-01
-3.020953871385364531e-01
-7.681925786946650625e-01
-8.788037597401410217e-02
-1.860411639902537217e-01
-3.753241256969432893e-01
4.298000900647045430e-01
1.354568424556046313e-01
-3.034126885622694392e-01
-4.441905097543993319e-01
-8.374310069598555062e-01
-9.410606219496802094e-01
3.832879596363428787e-01
-9.541934453343134948e-01
-3.883530544820010810e-01
-6.028372462872357840e-01
6.363182834948559741e-01
-1.085564544115436014e-02
-7.501496212949994025e-01
8.124767097912881653e-01
-9.929366123534943966e-02
-6.911955911385498919e-01
-7.723190842571441284e-01
9.886516808769504339e-01
9.663863455702527139e-01
-5.476358712529716399e-02
-9.933929739983600182e-01
-7.191924361669412846e-01
5.457354243548462325e-02
-9.857450881796435693e-01
-3.814000155380761203e-01
-9.028301849817672586e-01
1.850189902451293555e-01
-9.122002801076438683e-01
7.934058833479609163e-01
9.656246388452671692e-01
4.371111182197773282e-01
2.199124248220973299e-01
-4.477523844110637974e-01
9.789347305481166384e-01
-1.051748997818284792e-01
5.527666245539804013e-01
-2.867480390260578327e-01
-4.671313029307224696e-01
2.229933679244455735e-02
7.563180686521751017e-01
5.751153915816402673e-01
9.566060858786378240e-01
-7.846020042992756238e-01
9.475210032873745414e-01
5.823814028095495310e-01
4.124048218836009472e-01
-7.647888515115135455e-01
5.706468650594977987e-01
3.203544950762212684e-01
2.693796991916854733e-01
6.276723185274348804e-01
6.913912468363134778e-01
-4.039952852807422445e-01
-6.543045063392621818e-01
-9.247521942943448536e-02
-7.847142689196868748e-01
3.864740726758275624e-01
-8.083846602941339166e-01
5.707228235327630461e-01
8.892056309796902980e-02
-2.650568431582431828e-01
7.356041985176338116e-01
9.175528091313656098e-01
-3.494197798810327882e-03
5.021275724581851785e-01
3.271538790606006719e-01
-9.984236228408365221e-01
4.125780538436008005e-02
3.874188614020729338e-01
3.536427968538635724e-01
3.815407629642357246e-01
-1.698983308408286153e-01
3.744144044905173829e-01
-3.011558230281785598e-02
8.649964395959022223e-01
2.664981805214984845e-01
-7.934241737597410582e-01
8.957027000403903205e-01
-2.467454464069169240e-01
9.738427627045403989e-01
-1.934800184503013831e-01
-2.690358185577381711e-01
-8.386215364075040313e-01
5.852870953484397010e-01
5.025386988161673063e-01
-5.662847549779586043e-01
-2.951613667096875115e-01
1.406189440367493493e-01
5.703833718645980877e-01
5.004913168571942794e-01
7.643350694118077326e-01
6.670196874802059028e-02
-5.702456725794046166e-01
-7.726004310352538873e-01
3.499412230846093985e-01
-6.466320087088066604e-01
-1.538406458462233672e-01
6.206758262596112630e-01
1.878275950745551537e-01
2.214280161484708520e-01
2.075116782827719497e-01
5.052699761535390799e-01
7.540051205839624071e-01
-7.698823959244487369e-01
-4.030956695158476322e-01
-2.438991226181099758e-01
8.302946340676180537e-01
3.823703757288712257e-01
-6.721934987176232390e-01
5.375758458529902306e-01
-6.863144918119828963e-02
